165	2033.60606060606	781.569696969697	5246	4689	loadnaive-t3_B_rep0_par1008.txt
128	2066.3359375	924.390625	3713	3121	loadnaive-t3_B_rep0_par1009.txt
97	1943.62886597938	937.948453608247	3095	2516	loadnaive-t3_B_rep0_par1010.txt
98	1944.44897959184	955.418367346939	2425	1884	loadnaive-t3_B_rep0_par1011.txt
166	2700.60240963855	1146.34337349398	6084	5102	loadnaive-t3_B_rep0_par1012.txt
115	2719.53043478261	1244.82608695652	4425	3428	loadnaive-t3_B_rep0_par1013.txt
129	2609.51162790698	1262.68992248062	3553	2597	loadnaive-t3_B_rep0_par1014.txt
81	2366.66666666667	1177.83950617284	2390	1386	loadnaive-t3_B_rep0_par1015.txt
184	1979.17934782609	637.021739130435	5980	5594	loadnaive-t3_B_rep10_par1008.txt
101	1937.71287128713	850.227722772277	3243	2716	loadnaive-t3_B_rep10_par1009.txt
101	1969.82178217822	976.316831683168	2006	1296	loadnaive-t3_B_rep10_par1010.txt
66	2099.39393939394	1035.56060606061	2809	2063	loadnaive-t3_B_rep10_par1011.txt
181	2657.19337016575	1017.6408839779	6606	5938	loadnaive-t3_B_rep10_par1012.txt
135	2286.65185185185	1032.65925925926	3855	2955	loadnaive-t3_B_rep10_par1013.txt
133	2691.33082706767	1326.48120300752	2906	1835	loadnaive-t3_B_rep10_par1014.txt
121	2510.46280991736	1243.62809917355	3417	2647	loadnaive-t3_B_rep10_par1015.txt
133	1995.07518796993	790.488721804511	5377	4693	loadnaive-t3_B_rep11_par1008.txt
112	2037.25	915.767857142857	3730	3165	loadnaive-t3_B_rep11_par1009.txt
105	1912.81904761905	933.72380952381	2494	1887	loadnaive-t3_B_rep11_par1010.txt
76	2043.25	1005.80263157895	2638	1893	loadnaive-t3_B_rep11_par1011.txt
139	2619.6618705036	1149.46043165468	5259	4292	loadnaive-t3_B_rep11_par1012.txt
82	2511.35365853659	1143.9756097561	3646	2861	loadnaive-t3_B_rep11_par1013.txt
147	2523.38775510204	1244.40136054422	3027	2196	loadnaive-t3_B_rep11_par1014.txt
128	2497.5625	1242.2421875	3060	2073	loadnaive-t3_B_rep11_par1015.txt
149	2079.73154362416	881.89932885906	5012	4186	loadnaive-t3_B_rep12_par1008.txt
104	2301.67307692308	1003.88461538462	4089	3377	loadnaive-t3_B_rep12_par1009.txt
151	1931.05960264901	948.894039735099	2433	1627	loadnaive-t3_B_rep12_par1010.txt
120	1964.91666666667	972.433333333333	2650	1856	loadnaive-t3_B_rep12_par1011.txt
143	2429.17482517483	1048.51048951049	5291	4318	loadnaive-t3_B_rep12_par1012.txt
105	2713.74285714286	1238.53333333333	4153	3160	loadnaive-t3_B_rep12_par1013.txt
105	2299.45714285714	1133.38095238095	2876	1895	loadnaive-t3_B_rep12_par1014.txt
93	2336.4623655914	1155.64516129032	2875	2050	loadnaive-t3_B_rep12_par1015.txt
182	2167.00549450549	871.21978021978	5814	5139	loadnaive-t3_B_rep13_par1008.txt
74	1980.12162162162	784.22972972973	3323	2934	loadnaive-t3_B_rep13_par1009.txt
92	1764.45652173913	868.173913043478	2311	1700	loadnaive-t3_B_rep13_par1010.txt
122	2003.18852459016	990.434426229508	2511	1746	loadnaive-t3_B_rep13_par1011.txt
145	2614.11724137931	1110.29655172414	5751	4754	loadnaive-t3_B_rep13_par1012.txt
117	2664.21367521368	1255.13675213675	3785	2727	loadnaive-t3_B_rep13_par1013.txt
118	2565.27966101695	1261.82203389831	3157	2155	loadnaive-t3_B_rep13_par1014.txt
122	2726.85245901639	1350.97540983607	2937	1763	loadnaive-t3_B_rep13_par1015.txt
145	2278.21379310345	879.28275862069	5715	5162	loadnaive-t3_B_rep14_par1008.txt
134	1990.22388059702	876.679104477612	3799	3248	loadnaive-t3_B_rep14_par1009.txt
109	1924.09174311927	952.146788990826	2272	1465	loadnaive-t3_B_rep14_par1010.txt
98	2276.08163265306	1122.59183673469	2553	1768	loadnaive-t3_B_rep14_par1011.txt
143	2567.81118881119	1087.1958041958	5521	4555	loadnaive-t3_B_rep14_par1012.txt
134	2588.91791044776	1184.07462686567	3922	2849	loadnaive-t3_B_rep14_par1013.txt
92	2442.46739130435	1189.01086956522	3195	2259	loadnaive-t3_B_rep14_par1014.txt
84	2646.10714285714	1303.5	3089	2050	loadnaive-t3_B_rep14_par1015.txt
181	2040.85635359116	799.977900552486	5890	5310	loadnaive-t3_B_rep15_par1008.txt
113	2155.96460176991	994.327433628319	3712	2926	loadnaive-t3_B_rep15_par1009.txt
122	1979.18032786885	964.77868852459	2619	1963	loadnaive-t3_B_rep15_par1010.txt
87	1996.27586206897	982.080459770115	2996	2443	loadnaive-t3_B_rep15_par1011.txt
198	2281.28282828283	962.136363636364	5619	4797	loadnaive-t3_B_rep15_par1012.txt
117	2585.10256410256	1173.17948717949	3981	3034	loadnaive-t3_B_rep15_par1013.txt
105	2537.31428571429	1241.71428571429	2987	1957	loadnaive-t3_B_rep15_par1014.txt
109	2638.40366972477	1312.04587155963	2962	1844	loadnaive-t3_B_rep15_par1015.txt
198	2005.77272727273	751.121212121212	5684	5143	loadnaive-t3_B_rep16_par1008.txt
143	1900.03496503497	812.188811188811	3808	3168	loadnaive-t3_B_rep16_par1009.txt
85	1969	971.317647058824	2492	1724	loadnaive-t3_B_rep16_par1010.txt
127	1876.57480314961	931.692913385827	2395	1640	loadnaive-t3_B_rep16_par1011.txt
193	2636.13989637306	1035.29533678756	6142	5374	loadnaive-t3_B_rep16_par1012.txt
94	2532.14893617021	1126.22340425532	3808	2809	loadnaive-t3_B_rep16_par1013.txt
83	2735.13253012048	1333.10843373494	3241	2190	loadnaive-t3_B_rep16_par1014.txt
74	2294.01351351351	1129.31081081081	2814	1935	loadnaive-t3_B_rep16_par1015.txt
147	2018.08163265306	853.748299319728	4988	4348	loadnaive-t3_B_rep17_par1008.txt
113	2082.71681415929	970.300884955752	3256	2470	loadnaive-t3_B_rep17_par1009.txt
94	1981.1914893617	968.702127659575	2668	1981	loadnaive-t3_B_rep17_par1010.txt
102	2038.49019607843	999.117647058824	3218	2499	loadnaive-t3_B_rep17_par1011.txt
149	2642.06040268456	1062.51677852349	5898	5154	loadnaive-t3_B_rep17_par1012.txt
138	2723.21739130435	1199.63768115942	4886	4032	loadnaive-t3_B_rep17_par1013.txt
90	2631.42222222222	1302.41111111111	2673	1643	loadnaive-t3_B_rep17_par1014.txt
113	2604.08849557522	1287.81415929204	3281	2324	loadnaive-t3_B_rep17_par1015.txt
213	2093.92957746479	852.62441314554	5582	4919	loadnaive-t3_B_rep18_par1008.txt
161	2018.11180124224	817.527950310559	4403	4006	loadnaive-t3_B_rep18_par1009.txt
115	1982.91304347826	973.504347826087	2999	2257	loadnaive-t3_B_rep18_par1010.txt
152	1981.09868421053	983.118421052631	2969	2363	loadnaive-t3_B_rep18_par1011.txt
182	2520.47252747253	1092.77472527473	5654	4617	loadnaive-t3_B_rep18_par1012.txt
87	2703.05747126437	1235.49425287356	3448	2333	loadnaive-t3_B_rep18_par1013.txt
88	2600.26136363636	1288.18181818182	2653	1600	loadnaive-t3_B_rep18_par1014.txt
80	2562	1272.0625	2535	1439	loadnaive-t3_B_rep18_par1015.txt
157	1944.55414012739	719.082802547771	5037	4632	loadnaive-t3_B_rep19_par1008.txt
95	2035.16842105263	908.926315789474	3322	2744	loadnaive-t3_B_rep19_par1009.txt
97	2143.20618556701	1033.49484536082	3290	2581	loadnaive-t3_B_rep19_par1010.txt
135	2335.82222222222	1165.48148148148	2550	1553	loadnaive-t3_B_rep19_par1011.txt
177	2689.16949152542	1054.90395480226	6387	5589	loadnaive-t3_B_rep19_par1012.txt
128	2530.71875	1140.6953125	4401	3572	loadnaive-t3_B_rep19_par1013.txt
121	2659.73553719008	1306.09917355372	3608	2535	loadnaive-t3_B_rep19_par1014.txt
122	2578.82786885246	1275.66393442623	3340	2356	loadnaive-t3_B_rep19_par1015.txt
166	1958.60843373494	763.373493975904	4218	3594	loadnaive-t3_B_rep1_par1008.txt
114	2114.98245614035	906.482456140351	3704	3133	loadnaive-t3_B_rep1_par1009.txt
115	1885.8347826087	927.747826086956	2794	2110	loadnaive-t3_B_rep1_par1010.txt
53	1858.37735849057	923.603773584906	1945	1186	loadnaive-t3_B_rep1_par1011.txt
144	2565.65277777778	1039.5625	5797	4887	loadnaive-t3_B_rep1_par1012.txt
142	2302.66197183099	1046.33098591549	4087	3197	loadnaive-t3_B_rep1_par1013.txt
144	2582.375	1281.18055555556	3011	2053	loadnaive-t3_B_rep1_par1014.txt
110	2599.68181818182	1288.86363636364	2770	1667	loadnaive-t3_B_rep1_par1015.txt
173	2219.34682080925	835.265895953757	5764	5248	loadnaive-t3_B_rep2_par1008.txt
137	1905.74452554745	856.14598540146	4044	3450	loadnaive-t3_B_rep2_par1009.txt
102	2226.63725490196	1088.17647058824	3286	2521	loadnaive-t3_B_rep2_par1010.txt
81	1785.85185185185	878.913580246914	2233	1556	loadnaive-t3_B_rep2_par1011.txt
178	2634.8595505618	1064.03370786517	5834	4904	loadnaive-t3_B_rep2_par1012.txt
77	2774.67532467532	1286.71428571429	3394	2251	loadnaive-t3_B_rep2_par1013.txt
95	2738.04210526316	1324.81052631579	3274	2169	loadnaive-t3_B_rep2_par1014.txt
132	2683.50757575758	1335.69696969697	2819	1842	loadnaive-t3_B_rep2_par1015.txt
193	2198.10880829016	863.279792746114	5537	4845	loadnaive-t3_B_rep3_par1008.txt
120	2075.18333333333	913.825	3623	3041	loadnaive-t3_B_rep3_par1009.txt
87	1931.34482758621	921.206896551724	2494	1885	loadnaive-t3_B_rep3_par1010.txt
69	2135.6231884058	1063.11594202899	2408	1699	loadnaive-t3_B_rep3_par1011.txt
179	2586.00558659218	1093.02234636872	5905	4928	loadnaive-t3_B_rep3_par1012.txt
131	2564.62595419847	1190.24427480916	3646	2637	loadnaive-t3_B_rep3_par1013.txt
97	2644.71134020619	1289.38144329897	3723	2718	loadnaive-t3_B_rep3_par1014.txt
92	2748.34782608696	1352.10869565217	3455	2428	loadnaive-t3_B_rep3_par1015.txt
177	2080.25988700565	841.875706214689	6039	5379	loadnaive-t3_B_rep4_par1008.txt
100	2046.45	950.42	2871	2074	loadnaive-t3_B_rep4_par1009.txt
86	2055.90697674419	1005	3107	2379	loadnaive-t3_B_rep4_par1010.txt
114	1879.84210526316	932.605263157895	2641	1862	loadnaive-t3_B_rep4_par1011.txt
135	2460.34074074074	1029.8962962963	5071	4265	loadnaive-t3_B_rep4_par1012.txt
87	2470.88505747126	1172.97701149425	2830	1793	loadnaive-t3_B_rep4_par1013.txt
133	2647.69172932331	1294.66165413534	3149	2134	loadnaive-t3_B_rep4_par1014.txt
97	2332.65979381443	1145.45360824742	3178	2406	loadnaive-t3_B_rep4_par1015.txt
172	1991.8488372093	780.982558139535	5771	5198	loadnaive-t3_B_rep5_par1008.txt
81	2069	900.395061728395	3541	2909	loadnaive-t3_B_rep5_par1009.txt
106	1870.00943396226	917.971698113208	2347	1567	loadnaive-t3_B_rep5_par1010.txt
114	2208.78947368421	1090.62280701754	2730	1845	loadnaive-t3_B_rep5_par1011.txt
174	2698.48850574713	1030.99425287356	6443	5724	loadnaive-t3_B_rep5_par1012.txt
147	2647.25170068027	1210.61904761905	4416	3368	loadnaive-t3_B_rep5_par1013.txt
144	2583.25694444444	1267.20138888889	3155	2084	loadnaive-t3_B_rep5_par1014.txt
145	2633.3724137931	1307.08965517241	3324	2199	loadnaive-t3_B_rep5_par1015.txt
207	1833.21739130435	765.676328502416	5319	4621	loadnaive-t3_B_rep6_par1008.txt
155	1993.17419354839	889.767741935484	3604	2848	loadnaive-t3_B_rep6_par1009.txt
97	2101.45360824742	1032.84536082474	2913	2143	loadnaive-t3_B_rep6_par1010.txt
97	1991.71134020619	986	2356	1533	loadnaive-t3_B_rep6_par1011.txt
166	2533.07831325301	1027.39759036145	6032	5274	loadnaive-t3_B_rep6_par1012.txt
136	2553.50735294118	1242.02205882353	2856	1844	loadnaive-t3_B_rep6_par1013.txt
104	2513.48076923077	1238.875	3218	2181	loadnaive-t3_B_rep6_par1014.txt
115	2200.92173913043	1091.50434782609	2957	2058	loadnaive-t3_B_rep6_par1015.txt
171	2279.76608187135	893.906432748538	5127	4447	loadnaive-t3_B_rep7_par1008.txt
103	1917.23300970874	856.854368932039	3185	2513	loadnaive-t3_B_rep7_par1009.txt
146	1898.83561643836	926.157534246575	2859	2087	loadnaive-t3_B_rep7_par1010.txt
73	1914.43835616438	935.150684931507	3045	2665	loadnaive-t3_B_rep7_par1011.txt
169	2589.1775147929	1046.11834319527	5950	5098	loadnaive-t3_B_rep7_par1012.txt
98	2385.90816326531	1064.69387755102	3805	2950	loadnaive-t3_B_rep7_par1013.txt
142	2592.77464788732	1274.04929577465	3315	2245	loadnaive-t3_B_rep7_par1014.txt
81	2660.14814814815	1317.17283950617	2951	1933	loadnaive-t3_B_rep7_par1015.txt
189	2195.95238095238	819.047619047619	6167	5668	loadnaive-t3_B_rep8_par1008.txt
128	2134.734375	953.2265625	4052	3405	loadnaive-t3_B_rep8_par1009.txt
130	2031.5	1001.23076923077	2649	1840	loadnaive-t3_B_rep8_par1010.txt
112	1900.6875	941.142857142857	2513	1741	loadnaive-t3_B_rep8_par1011.txt
203	2667.80295566502	1122.91625615764	5571	4610	loadnaive-t3_B_rep8_par1012.txt
99	2787.35353535354	1204.59595959596	4383	3607	loadnaive-t3_B_rep8_par1013.txt
77	2528.27272727273	1243.16883116883	2981	1917	loadnaive-t3_B_rep8_par1014.txt
66	2532.5	1256.74242424242	2609	1497	loadnaive-t3_B_rep8_par1015.txt
109	2026.33027522936	677	5989	5625	loadnaive-t3_B_rep9_par1008.txt
108	2109.47222222222	908.638888888889	3654	3142	loadnaive-t3_B_rep9_par1009.txt
112	1990.25	964.589285714286	2763	1964	loadnaive-t3_B_rep9_par1010.txt
95	1927.84210526316	953.915789473684	2334	1640	loadnaive-t3_B_rep9_par1011.txt
173	2559.58959537572	1054	5927	5129	loadnaive-t3_B_rep9_par1012.txt
78	2629.55128205128	1187.26923076923	3318	2298	loadnaive-t3_B_rep9_par1013.txt
78	2521.88461538462	1236.92307692308	2746	1691	loadnaive-t3_B_rep9_par1014.txt
110	2482.59090909091	1221.54545454545	2888	1884	loadnaive-t3_B_rep9_par1015.txt
