200	1968.9	641.995	13323	12998	loadnaive-t3_Z_rep0_par1008.txt
200	2038.975	602.105	14198	13940	loadnaive-t3_Z_rep0_par1009.txt
200	1836.835	564.325	14716	14441	loadnaive-t3_Z_rep0_par1010.txt
200	1906.16	628.21	14224	13921	loadnaive-t3_Z_rep0_par1011.txt
200	2449.985	721.21	15508	15215	loadnaive-t3_Z_rep0_par1012.txt
200	2537.025	739.18	15822	15560	loadnaive-t3_Z_rep0_par1013.txt
200	2529.115	725.58	16620	16379	loadnaive-t3_Z_rep0_par1014.txt
200	2200.845	558.075	15906	15727	loadnaive-t3_Z_rep0_par1015.txt
200	1840.385	509.905	14514	14310	loadnaive-t3_Z_rep10_par1008.txt
200	1878.15	648	13612	13301	loadnaive-t3_Z_rep10_par1009.txt
200	1866.105	562.695	14920	14653	loadnaive-t3_Z_rep10_par1010.txt
200	1907.225	540.295	14556	14384	loadnaive-t3_Z_rep10_par1011.txt
200	2514.18	745.555	16018	15734	loadnaive-t3_Z_rep10_par1012.txt
200	2126.045	613.6	13940	13730	loadnaive-t3_Z_rep10_par1013.txt
200	2474.755	690.57	15787	15587	loadnaive-t3_Z_rep10_par1014.txt
200	2385.605	647.11	16381	16197	loadnaive-t3_Z_rep10_par1015.txt
200	1944.145	581.045	14834	14565	loadnaive-t3_Z_rep11_par1008.txt
200	1907.68	562.39	14181	13930	loadnaive-t3_Z_rep11_par1009.txt
200	1861.265	514.565	14198	13993	loadnaive-t3_Z_rep11_par1010.txt
200	1891.39	598.355	14556	14332	loadnaive-t3_Z_rep11_par1011.txt
200	2430.425	709.98	15302	15010	loadnaive-t3_Z_rep11_par1012.txt
200	2391.53	712.335	15916	15607	loadnaive-t3_Z_rep11_par1013.txt
200	2421.115	669.31	16227	15977	loadnaive-t3_Z_rep11_par1014.txt
200	2404.035	734.83	15890	15610	loadnaive-t3_Z_rep11_par1015.txt
200	1940.16	578.95	14794	14563	loadnaive-t3_Z_rep12_par1008.txt
200	2197.72	783.495	13026	12610	loadnaive-t3_Z_rep12_par1009.txt
200	1746.185	544.74	13459	13253	loadnaive-t3_Z_rep12_par1010.txt
200	1902.435	574.67	13789	13548	loadnaive-t3_Z_rep12_par1011.txt
200	2356.83	639.46	16194	16052	loadnaive-t3_Z_rep12_par1012.txt
200	2510.455	719.11	15866	15598	loadnaive-t3_Z_rep12_par1013.txt
200	2267.17	657.02	15951	15772	loadnaive-t3_Z_rep12_par1014.txt
200	2213.25	616.085	16099	15900	loadnaive-t3_Z_rep12_par1015.txt
200	2079.03	658.325	15022	14785	loadnaive-t3_Z_rep13_par1008.txt
200	1888.755	638.685	13725	13392	loadnaive-t3_Z_rep13_par1009.txt
200	1794.38	533.145	15159	14964	loadnaive-t3_Z_rep13_par1010.txt
200	2036.67	574.665	14779	14590	loadnaive-t3_Z_rep13_par1011.txt
200	2482.69	776.135	15522	15221	loadnaive-t3_Z_rep13_par1012.txt
200	2523.06	740.615	15938	15699	loadnaive-t3_Z_rep13_par1013.txt
200	2413.19	646.575	16482	16310	loadnaive-t3_Z_rep13_par1014.txt
200	2477.325	657.575	16109	15922	loadnaive-t3_Z_rep13_par1015.txt
200	2090.8	704.16	14374	14011	loadnaive-t3_Z_rep14_par1008.txt
200	1949.855	636.93	14275	13981	loadnaive-t3_Z_rep14_par1009.txt
200	1814.685	503.155	14778	14583	loadnaive-t3_Z_rep14_par1010.txt
200	2191.085	651.87	14336	14065	loadnaive-t3_Z_rep14_par1011.txt
200	2506.93	760.51	15458	15170	loadnaive-t3_Z_rep14_par1012.txt
200	2448.275	771.615	14917	14630	loadnaive-t3_Z_rep14_par1013.txt
200	2339.055	626.57	16377	16150	loadnaive-t3_Z_rep14_par1014.txt
200	2513.375	740.85	16040	15805	loadnaive-t3_Z_rep14_par1015.txt
200	1998.265	587.7	14814	14573	loadnaive-t3_Z_rep15_par1008.txt
200	2064.2	606.8	14703	14459	loadnaive-t3_Z_rep15_par1009.txt
200	1961.915	629.18	13916	13573	loadnaive-t3_Z_rep15_par1010.txt
200	1909.495	589.295	13143	12904	loadnaive-t3_Z_rep15_par1011.txt
200	2225.425	620.22	16141	15894	loadnaive-t3_Z_rep15_par1012.txt
200	2564.79	690.64	16667	16472	loadnaive-t3_Z_rep15_par1013.txt
200	2457.39	690.615	16344	16152	loadnaive-t3_Z_rep15_par1014.txt
200	2509.31	685.685	16183	15924	loadnaive-t3_Z_rep15_par1015.txt
200	1980.875	592.245	15432	15162	loadnaive-t3_Z_rep16_par1008.txt
200	1785.685	493.245	13851	13700	loadnaive-t3_Z_rep16_par1009.txt
200	1926.475	554.41	13933	13718	loadnaive-t3_Z_rep16_par1010.txt
200	1892.3	610.42	14328	14073	loadnaive-t3_Z_rep16_par1011.txt
200	2546.16	736.99	15718	15522	loadnaive-t3_Z_rep16_par1012.txt
200	2494.31	718.49	16002	15775	loadnaive-t3_Z_rep16_par1013.txt
200	2502.125	703.48	16385	16214	loadnaive-t3_Z_rep16_par1014.txt
200	2154.67	641.75	15647	15359	loadnaive-t3_Z_rep16_par1015.txt
200	1890.99	662.915	13546	13179	loadnaive-t3_Z_rep17_par1008.txt
200	2028.28	605.82	14790	14534	loadnaive-t3_Z_rep17_par1009.txt
200	1872.825	605.035	13698	13402	loadnaive-t3_Z_rep17_par1010.txt
200	1871.01	557.25	13798	13596	loadnaive-t3_Z_rep17_par1011.txt
200	2443.42	766.92	15551	15226	loadnaive-t3_Z_rep17_par1012.txt
200	2523.95	798.935	15875	15540	loadnaive-t3_Z_rep17_par1013.txt
200	2468.7	719.96	16228	15993	loadnaive-t3_Z_rep17_par1014.txt
200	2439.61	665.835	16104	15906	loadnaive-t3_Z_rep17_par1015.txt
200	1977.705	638.575	13954	13707	loadnaive-t3_Z_rep18_par1008.txt
200	1915.02	538.735	13644	13455	loadnaive-t3_Z_rep18_par1009.txt
200	1907.92	643.675	13671	13409	loadnaive-t3_Z_rep18_par1010.txt
200	1942.28	613.475	13428	13147	loadnaive-t3_Z_rep18_par1011.txt
200	2493.5	691.525	16921	16702	loadnaive-t3_Z_rep18_par1012.txt
200	2575.135	725.44	16443	16208	loadnaive-t3_Z_rep18_par1013.txt
200	2507.4	679.59	16891	16707	loadnaive-t3_Z_rep18_par1014.txt
200	2368.565	650.725	16658	16446	loadnaive-t3_Z_rep18_par1015.txt
200	1892.095	586.945	15918	15604	loadnaive-t3_Z_rep19_par1008.txt
200	1921.385	600.955	13898	13554	loadnaive-t3_Z_rep19_par1009.txt
200	2062.36	598.14	15160	14903	loadnaive-t3_Z_rep19_par1010.txt
200	2246.175	721.695	14778	14458	loadnaive-t3_Z_rep19_par1011.txt
200	2559.195	700.015	16589	16357	loadnaive-t3_Z_rep19_par1012.txt
200	2361.29	668.165	16488	16320	loadnaive-t3_Z_rep19_par1013.txt
200	2495.145	689.625	16580	16401	loadnaive-t3_Z_rep19_par1014.txt
200	2442.545	715.845	15649	15432	loadnaive-t3_Z_rep19_par1015.txt
200	1908.19	575.27	14378	14086	loadnaive-t3_Z_rep1_par1008.txt
200	2024.63	619.29	15084	14806	loadnaive-t3_Z_rep1_par1009.txt
200	1848.755	562.115	13837	13576	loadnaive-t3_Z_rep1_par1010.txt
200	1828.53	505.465	14752	14594	loadnaive-t3_Z_rep1_par1011.txt
200	2425.535	703.14	15808	15589	loadnaive-t3_Z_rep1_par1012.txt
200	2275.495	630.115	16321	16103	loadnaive-t3_Z_rep1_par1013.txt
200	2347.515	627.39	15864	15652	loadnaive-t3_Z_rep1_par1014.txt
200	2452.195	704.095	16397	16140	loadnaive-t3_Z_rep1_par1015.txt
200	2192.385	685.93	14491	14200	loadnaive-t3_Z_rep2_par1008.txt
200	1832.555	517.03	14793	14613	loadnaive-t3_Z_rep2_par1009.txt
200	2133.695	662.99	14167	13937	loadnaive-t3_Z_rep2_par1010.txt
200	1690.985	489.255	14241	14047	loadnaive-t3_Z_rep2_par1011.txt
200	2548.22	841.565	15487	15185	loadnaive-t3_Z_rep2_par1012.txt
200	2553.01	762.89	16337	16023	loadnaive-t3_Z_rep2_par1013.txt
200	2527.52	683.21	16233	16056	loadnaive-t3_Z_rep2_par1014.txt
200	2512.45	734.545	15742	15453	loadnaive-t3_Z_rep2_par1015.txt
200	2119.995	635.525	14880	14599	loadnaive-t3_Z_rep3_par1008.txt
200	1958.685	571.435	13342	13127	loadnaive-t3_Z_rep3_par1009.txt
200	1859.525	585.63	13965	13695	loadnaive-t3_Z_rep3_par1010.txt
200	2063.795	724.87	14690	14368	loadnaive-t3_Z_rep3_par1011.txt
200	2422.665	628.38	16303	16101	loadnaive-t3_Z_rep3_par1012.txt
200	2448.235	755.555	15850	15539	loadnaive-t3_Z_rep3_par1013.txt
200	2519.31	733.36	16506	16266	loadnaive-t3_Z_rep3_par1014.txt
200	2562.895	714.025	17022	16759	loadnaive-t3_Z_rep3_par1015.txt
200	1914.715	574.605	14124	13901	loadnaive-t3_Z_rep4_par1008.txt
200	2009.56	543.06	14696	14516	loadnaive-t3_Z_rep4_par1009.txt
200	1912.955	529.745	14859	14632	loadnaive-t3_Z_rep4_par1010.txt
200	1870.035	522.42	14387	14186	loadnaive-t3_Z_rep4_par1011.txt
200	2336.17	643.125	16205	16058	loadnaive-t3_Z_rep4_par1012.txt
200	2332.33	650.99	16591	16419	loadnaive-t3_Z_rep4_par1013.txt
200	2458.98	678.905	16172	15951	loadnaive-t3_Z_rep4_par1014.txt
200	2234.825	630.805	16037	15801	loadnaive-t3_Z_rep4_par1015.txt
200	1922	580.03	14761	14529	loadnaive-t3_Z_rep5_par1008.txt
200	2012.215	735.425	12823	12529	loadnaive-t3_Z_rep5_par1009.txt
200	1851.565	525.715	13860	13671	loadnaive-t3_Z_rep5_par1010.txt
200	2110.86	665.685	14385	14145	loadnaive-t3_Z_rep5_par1011.txt
200	2512.39	741.485	15861	15588	loadnaive-t3_Z_rep5_par1012.txt
200	2475.29	733.8	15982	15695	loadnaive-t3_Z_rep5_par1013.txt
200	2450.365	664.585	16506	16259	loadnaive-t3_Z_rep5_par1014.txt
200	2472.915	786.59	15793	15544	loadnaive-t3_Z_rep5_par1015.txt
200	1754.455	502.885	14621	14407	loadnaive-t3_Z_rep6_par1008.txt
200	1899.345	517.59	15278	15102	loadnaive-t3_Z_rep6_par1009.txt
200	2071.08	647.32	14356	14031	loadnaive-t3_Z_rep6_par1010.txt
200	2068.425	588.155	14632	14433	loadnaive-t3_Z_rep6_par1011.txt
200	2414.59	693.17	16256	15994	loadnaive-t3_Z_rep6_par1012.txt
200	2419.63	629.83	16316	16150	loadnaive-t3_Z_rep6_par1013.txt
200	2459.305	687.805	16464	16265	loadnaive-t3_Z_rep6_par1014.txt
200	2172.245	579.225	16128	15922	loadnaive-t3_Z_rep6_par1015.txt
200	2156.18	674.475	14322	14059	loadnaive-t3_Z_rep7_par1008.txt
200	1808.03	558.885	13656	13424	loadnaive-t3_Z_rep7_par1009.txt
200	1795.42	533.31	13898	13666	loadnaive-t3_Z_rep7_par1010.txt
200	1810.06	527.315	14790	14549	loadnaive-t3_Z_rep7_par1011.txt
200	2466.865	767.68	15537	15217	loadnaive-t3_Z_rep7_par1012.txt
200	2302.16	683.82	14894	14654	loadnaive-t3_Z_rep7_par1013.txt
200	2459.15	708.575	15386	15171	loadnaive-t3_Z_rep7_par1014.txt
200	2452.395	686.865	15963	15795	loadnaive-t3_Z_rep7_par1015.txt
200	2123.325	715.02	14283	13898	loadnaive-t3_Z_rep8_par1008.txt
200	1941.065	621.855	14155	13859	loadnaive-t3_Z_rep8_par1009.txt
200	1951.385	560.875	14473	14203	loadnaive-t3_Z_rep8_par1010.txt
200	1845.015	544.395	14554	14327	loadnaive-t3_Z_rep8_par1011.txt
200	2487.28	750.095	16105	15786	loadnaive-t3_Z_rep8_par1012.txt
200	2466.72	730.11	15954	15742	loadnaive-t3_Z_rep8_par1013.txt
200	2341.81	623.445	16077	15929	loadnaive-t3_Z_rep8_par1014.txt
200	2361.145	619.01	16303	16200	loadnaive-t3_Z_rep8_par1015.txt
200	1998.39	696.215	13911	13621	loadnaive-t3_Z_rep9_par1008.txt
200	1972.29	621.41	14277	13983	loadnaive-t3_Z_rep9_par1009.txt
200	1879.125	578.85	14651	14412	loadnaive-t3_Z_rep9_par1010.txt
200	1829.88	530.885	13842	13664	loadnaive-t3_Z_rep9_par1011.txt
200	2524.065	799.035	15130	14763	loadnaive-t3_Z_rep9_par1012.txt
200	2462.77	813.585	15693	15363	loadnaive-t3_Z_rep9_par1013.txt
200	2431.33	717.94	15685	15353	loadnaive-t3_Z_rep9_par1014.txt
200	2387.68	672.735	15515	15322	loadnaive-t3_Z_rep9_par1015.txt
