172	2034.01744186047	771.802325581396	5552	5009	loadnaive-t3_A_rep0_par1008.txt
174	2064.08620689655	817.712643678161	4639	4062	loadnaive-t3_A_rep0_par1009.txt
162	1934.81481481481	806.018518518519	4211	3740	loadnaive-t3_A_rep0_par1010.txt
130	1932.31538461538	728.884615384615	3531	3048	loadnaive-t3_A_rep0_par1011.txt
171	2693.67251461988	1126.0350877193	6170	5246	loadnaive-t3_A_rep0_par1012.txt
142	2719.30281690141	1165.26056338028	5164	4191	loadnaive-t3_A_rep0_par1013.txt
141	2595.70921985816	1101.34042553191	4856	3985	loadnaive-t3_A_rep0_par1014.txt
196	2378.91836734694	1065.05102040816	4947	3957	loadnaive-t3_A_rep0_par1015.txt
164	1951.88414634146	651.621951219512	5232	4861	loadnaive-t3_A_rep10_par1008.txt
176	1951.07386363636	713.801136363636	4460	3958	loadnaive-t3_A_rep10_par1009.txt
147	1966.23129251701	844.87074829932	3862	3277	loadnaive-t3_A_rep10_par1010.txt
194	2070.48969072165	884.170103092784	4073	3361	loadnaive-t3_A_rep10_par1011.txt
150	2646.28666666667	1005.8	6320	5628	loadnaive-t3_A_rep10_par1012.txt
208	2281.90865384615	1002.46153846154	4981	4100	loadnaive-t3_A_rep10_par1013.txt
199	2687.43216080402	1195.39698492462	4858	4082	loadnaive-t3_A_rep10_par1014.txt
141	2498.8865248227	1033.24113475177	4648	3966	loadnaive-t3_A_rep10_par1015.txt
106	1977.78301886792	785.509433962264	4844	4161	loadnaive-t3_A_rep11_par1008.txt
213	2019.69014084507	800.572769953052	4849	4342	loadnaive-t3_A_rep11_par1009.txt
145	1933.90344827586	790.937931034483	4462	4003	loadnaive-t3_A_rep11_par1010.txt
139	2050.28776978417	850.928057553957	4458	3779	loadnaive-t3_A_rep11_par1011.txt
147	2636.09523809524	1134.97278911565	5577	4718	loadnaive-t3_A_rep11_par1012.txt
143	2514.96503496504	1046.75524475524	5128	4423	loadnaive-t3_A_rep11_par1013.txt
186	2532.23655913979	1089.05913978495	5325	4704	loadnaive-t3_A_rep11_par1014.txt
213	2508.07511737089	1083.33333333333	4917	4222	loadnaive-t3_A_rep11_par1015.txt
154	2086.64285714286	888.668831168831	4637	3815	loadnaive-t3_A_rep12_par1008.txt
168	2309.22619047619	902.440476190476	5495	4867	loadnaive-t3_A_rep12_par1009.txt
143	1928.6993006993	855.384615384615	3885	3157	loadnaive-t3_A_rep12_par1010.txt
193	1963.95336787565	887.80310880829	4096	3324	loadnaive-t3_A_rep12_par1011.txt
170	2433.31176470588	1045.49411764706	5203	4233	loadnaive-t3_A_rep12_par1012.txt
136	2721.50735294118	1156.38970588235	4969	3998	loadnaive-t3_A_rep12_par1013.txt
169	2306.82840236686	1044.65680473373	4581	3625	loadnaive-t3_A_rep12_par1014.txt
194	2334.0412371134	997.407216494845	4928	4191	loadnaive-t3_A_rep12_par1015.txt
174	2163.75862068966	877.609195402299	5335	4639	loadnaive-t3_A_rep13_par1008.txt
160	1978.5	690.20625	4770	4410	loadnaive-t3_A_rep13_par1009.txt
137	1771.75912408759	760.248175182482	3652	3054	loadnaive-t3_A_rep13_par1010.txt
190	2011.17368421053	899.368421052632	4044	3302	loadnaive-t3_A_rep13_par1011.txt
150	2614.35333333333	1083.74666666667	5794	4799	loadnaive-t3_A_rep13_par1012.txt
166	2675.45180722892	1210.53614457831	5137	4155	loadnaive-t3_A_rep13_par1013.txt
177	2556.38418079096	1119.42372881356	4751	4002	loadnaive-t3_A_rep13_par1014.txt
163	2731.14110429448	1233.12883435583	4677	3582	loadnaive-t3_A_rep13_par1015.txt
196	2240.29081632653	824.454081632653	6301	5766	loadnaive-t3_A_rep14_par1008.txt
212	1979.91037735849	766.561320754717	5432	5004	loadnaive-t3_A_rep14_par1009.txt
180	1915.48333333333	865.35	4000	3343	loadnaive-t3_A_rep14_par1010.txt
148	2283.10810810811	978.385135135135	4359	3771	loadnaive-t3_A_rep14_par1011.txt
185	2567.63243243243	1077.71891891892	5815	4937	loadnaive-t3_A_rep14_par1012.txt
181	2588.30386740332	1138.67403314917	5276	4259	loadnaive-t3_A_rep14_par1013.txt
184	2450.76086956522	1065.8097826087	4453	3574	loadnaive-t3_A_rep14_par1014.txt
141	2654.12056737589	1186.83687943262	4911	4000	loadnaive-t3_A_rep14_par1015.txt
179	2040.35754189944	795.469273743017	5452	4872	loadnaive-t3_A_rep15_par1008.txt
178	2174.40449438202	923.528089887641	5334	4630	loadnaive-t3_A_rep15_par1009.txt
98	1987.81632653061	810.989795918367	3922	3268	loadnaive-t3_A_rep15_par1010.txt
167	1987.08383233533	753.185628742515	4710	4218	loadnaive-t3_A_rep15_par1011.txt
155	2280.9935483871	930.554838709677	5540	4735	loadnaive-t3_A_rep15_par1012.txt
179	2603.59217877095	1118.37430167598	5171	4272	loadnaive-t3_A_rep15_par1013.txt
148	2540.33108108108	1125.98648648649	4354	3336	loadnaive-t3_A_rep15_par1014.txt
168	2641.3869047619	1210.91666666667	4300	3212	loadnaive-t3_A_rep15_par1015.txt
192	2020.69791666667	738.515625	5622	5120	loadnaive-t3_A_rep16_par1008.txt
156	1903.22435897436	756.570512820513	5229	4661	loadnaive-t3_A_rep16_par1009.txt
178	1979.02247191011	824.848314606742	4950	4346	loadnaive-t3_A_rep16_par1010.txt
148	1894.65540540541	802.067567567568	4463	3841	loadnaive-t3_A_rep16_par1011.txt
166	2615.6265060241	1010.98795180723	5545	4780	loadnaive-t3_A_rep16_par1012.txt
106	2524.78301886793	1084.78301886792	4933	3959	loadnaive-t3_A_rep16_par1013.txt
189	2745.54497354497	1195.74603174603	5032	3986	loadnaive-t3_A_rep16_par1014.txt
144	2307.43055555556	1002.95833333333	4298	3434	loadnaive-t3_A_rep16_par1015.txt
161	2024.40372670807	848.136645962733	5356	4767	loadnaive-t3_A_rep17_par1008.txt
149	2085.10067114094	919.006711409396	4123	3374	loadnaive-t3_A_rep17_par1009.txt
114	1983.0350877193	869.473684210526	3800	3159	loadnaive-t3_A_rep17_par1010.txt
153	2032.35294117647	832.202614379085	4659	3951	loadnaive-t3_A_rep17_par1011.txt
179	2647.31284916201	1045.8156424581	6549	6018	loadnaive-t3_A_rep17_par1012.txt
173	2713.4161849711	1107.26011560694	5528	4725	loadnaive-t3_A_rep17_par1013.txt
193	2629.10880829016	1176.96373056995	5484	4810	loadnaive-t3_A_rep17_par1014.txt
189	2601.63492063492	1096.62962962963	4966	4024	loadnaive-t3_A_rep17_par1015.txt
171	2084.81871345029	821.485380116959	5678	5251	loadnaive-t3_A_rep18_par1008.txt
157	2014.05732484076	723.496815286624	5571	5197	loadnaive-t3_A_rep18_par1009.txt
155	1970.03225806452	847.651612903226	4206	3471	loadnaive-t3_A_rep18_par1010.txt
152	1985.28947368421	836.83552631579	4593	4127	loadnaive-t3_A_rep18_par1011.txt
148	2529.87162162162	1088.10810810811	5507	4474	loadnaive-t3_A_rep18_par1012.txt
190	2709.83157894737	1189.87368421053	5146	4186	loadnaive-t3_A_rep18_par1013.txt
203	2610.55172413793	1220.4039408867	4728	3711	loadnaive-t3_A_rep18_par1014.txt
142	2565.39436619718	1148.53521126761	4078	3017	loadnaive-t3_A_rep18_par1015.txt
160	1948.9	718.73125	5221	4768	loadnaive-t3_A_rep19_par1008.txt
176	2031.68181818182	820.965909090909	4904	4408	loadnaive-t3_A_rep19_par1009.txt
198	2158.08585858586	904.161616161616	4715	4027	loadnaive-t3_A_rep19_par1010.txt
139	2353.57553956835	952.73381294964	4969	4385	loadnaive-t3_A_rep19_par1011.txt
187	2682.00534759358	1061.41711229947	6454	5721	loadnaive-t3_A_rep19_par1012.txt
195	2521.29743589744	1059.91794871795	6077	5318	loadnaive-t3_A_rep19_par1013.txt
155	2653.05161290323	1182.37419354839	4337	3279	loadnaive-t3_A_rep19_par1014.txt
165	2577.24848484848	1169.00606060606	4368	3431	loadnaive-t3_A_rep19_par1015.txt
134	1951.52985074627	755.694029850746	4449	3906	loadnaive-t3_A_rep1_par1008.txt
139	2125.22302158273	783.489208633094	4905	4421	loadnaive-t3_A_rep1_par1009.txt
155	1874.96774193548	812.148387096774	3823	3147	loadnaive-t3_A_rep1_par1010.txt
135	1873.16296296296	815.222222222222	3570	2822	loadnaive-t3_A_rep1_par1011.txt
155	2557.26451612903	1039.07096774194	5410	4498	loadnaive-t3_A_rep1_par1012.txt
151	2308.8940397351	999.304635761589	4703	3827	loadnaive-t3_A_rep1_par1013.txt
163	2571.60122699387	1112.34355828221	4778	3846	loadnaive-t3_A_rep1_par1014.txt
160	2603.4375	1167.0875	4157	3136	loadnaive-t3_A_rep1_par1015.txt
185	2220.16216216216	824.216216216216	6051	5537	loadnaive-t3_A_rep2_par1008.txt
159	1904.10062893082	758.911949685535	4838	4287	loadnaive-t3_A_rep2_par1009.txt
144	2226.39583333333	959.951388888889	4422	3718	loadnaive-t3_A_rep2_par1010.txt
169	1784.30769230769	767.508875739645	4281	3654	loadnaive-t3_A_rep2_par1011.txt
174	2631.12068965517	1067.12643678161	6099	5200	loadnaive-t3_A_rep2_par1012.txt
144	2764.18055555556	1218.04861111111	5034	3964	loadnaive-t3_A_rep2_par1013.txt
160	2742.4875	1189.1375	5065	4044	loadnaive-t3_A_rep2_par1014.txt
201	2680.78109452736	1141.77611940299	4615	3694	loadnaive-t3_A_rep2_par1015.txt
149	2195.79194630872	844.691275167785	5736	5065	loadnaive-t3_A_rep3_par1008.txt
205	2059.9512195122	820.980487804878	5045	4561	loadnaive-t3_A_rep3_par1009.txt
183	1930.8087431694	768.633879781421	4497	4003	loadnaive-t3_A_rep3_par1010.txt
147	2142.38775510204	874.517006802721	4870	4436	loadnaive-t3_A_rep3_par1011.txt
157	2592.7898089172	1084.29936305732	5948	4971	loadnaive-t3_A_rep3_par1012.txt
201	2560.7960199005	1137.73631840796	4511	3495	loadnaive-t3_A_rep3_par1013.txt
188	2644.57978723404	1145.6329787234	4956	3961	loadnaive-t3_A_rep3_par1014.txt
143	2748.97902097902	1171.86713286713	4715	3744	loadnaive-t3_A_rep3_par1015.txt
186	2066.53225806452	834.08064516129	5382	4705	loadnaive-t3_A_rep4_par1008.txt
174	2036.41954022989	895.67816091954	4549	3805	loadnaive-t3_A_rep4_par1009.txt
168	2060.6130952381	904.071428571429	4219	3528	loadnaive-t3_A_rep4_par1010.txt
175	1882.54857142857	822.4	4586	3844	loadnaive-t3_A_rep4_par1011.txt
178	2455.89325842697	1013.38202247191	5657	4869	loadnaive-t3_A_rep4_par1012.txt
150	2477.74	1129.8	4184	3181	loadnaive-t3_A_rep4_par1013.txt
209	2632.05263157895	1125.73684210526	4523	3517	loadnaive-t3_A_rep4_par1014.txt
115	2341.92173913044	1009.01739130435	3997	3271	loadnaive-t3_A_rep4_par1015.txt
136	1986.84558823529	770.794117647059	5196	4600	loadnaive-t3_A_rep5_par1008.txt
160	2069.7375	821.375	4664	4077	loadnaive-t3_A_rep5_par1009.txt
185	1876.61621621622	818.07027027027	4380	3646	loadnaive-t3_A_rep5_par1010.txt
155	2217.47096774194	1000.34838709677	3992	3242	loadnaive-t3_A_rep5_par1011.txt
166	2694.18674698795	1019.43373493976	6755	6062	loadnaive-t3_A_rep5_par1012.txt
168	2654.46428571429	1166.35714285714	5355	4436	loadnaive-t3_A_rep5_par1013.txt
195	2583.8717948718	1135.58461538462	5459	4676	loadnaive-t3_A_rep5_par1014.txt
155	2640.45161290323	1181.29677419355	5021	3992	loadnaive-t3_A_rep5_par1015.txt
180	1835.44444444444	755.027777777778	5080	4384	loadnaive-t3_A_rep6_par1008.txt
172	1991.38372093023	835.116279069768	4717	4025	loadnaive-t3_A_rep6_par1009.txt
175	2114.20571428571	904.554285714286	4953	4265	loadnaive-t3_A_rep6_par1010.txt
147	1999.61904761905	909.503401360544	3530	2725	loadnaive-t3_A_rep6_par1011.txt
162	2539.94444444444	1013.56172839506	5904	5149	loadnaive-t3_A_rep6_par1012.txt
240	2548.7875	1150.56666666667	4227	3298	loadnaive-t3_A_rep6_par1013.txt
176	2520.36363636364	1140.34659090909	4477	3481	loadnaive-t3_A_rep6_par1014.txt
199	2201.01005025126	971.130653266332	4283	3407	loadnaive-t3_A_rep6_par1015.txt
156	2275.97435897436	918.576923076923	5458	4824	loadnaive-t3_A_rep7_par1008.txt
202	1922.32178217822	816.653465346535	4321	3738	loadnaive-t3_A_rep7_par1009.txt
158	1897.18987341772	832.550632911392	3862	3097	loadnaive-t3_A_rep7_par1010.txt
145	1901.75862068966	658.241379310345	4621	4276	loadnaive-t3_A_rep7_par1011.txt
187	2568.64705882353	1033.82352941176	5823	5026	loadnaive-t3_A_rep7_par1012.txt
140	2397.9	1002.99285714286	4898	4086	loadnaive-t3_A_rep7_par1013.txt
219	2607.43835616438	1159.62557077626	4607	3540	loadnaive-t3_A_rep7_par1014.txt
149	2657.28859060403	1191.1744966443	4243	3376	loadnaive-t3_A_rep7_par1015.txt
153	2193.1568627451	843.450980392157	5222	4711	loadnaive-t3_A_rep8_par1008.txt
161	2124.03726708075	836.534161490683	5173	4591	loadnaive-t3_A_rep8_par1009.txt
180	2030.89444444444	887.916666666667	4213	3456	loadnaive-t3_A_rep8_par1010.txt
106	1911.99056603774	826.566037735849	3414	2740	loadnaive-t3_A_rep8_par1011.txt
189	2663.64021164021	1122.45502645503	5868	4947	loadnaive-t3_A_rep8_par1012.txt
134	2751.82835820896	1100.38059701493	5463	4769	loadnaive-t3_A_rep8_par1013.txt
185	2513.51891891892	1134.45405405405	4600	3586	loadnaive-t3_A_rep8_par1014.txt
173	2539.97687861272	1154.5549132948	4352	3409	loadnaive-t3_A_rep8_par1015.txt
158	2022.59493670886	678.924050632911	6117	5761	loadnaive-t3_A_rep9_par1008.txt
128	2095.5	778.2265625	5123	4702	loadnaive-t3_A_rep9_par1009.txt
186	1990.51612903226	857.602150537634	4922	4189	loadnaive-t3_A_rep9_par1010.txt
169	1927.28402366864	831.775147928994	3799	3157	loadnaive-t3_A_rep9_par1011.txt
220	2561.81818181818	1041.57272727273	6186	5392	loadnaive-t3_A_rep9_par1012.txt
169	2638.44970414201	1113.84023668639	5577	4776	loadnaive-t3_A_rep9_par1013.txt
144	2541.99305555556	1114.21527777778	4710	3800	loadnaive-t3_A_rep9_par1014.txt
193	2494.09844559586	1134.9170984456	4571	3579	loadnaive-t3_A_rep9_par1015.txt
