101	2036.06930693069	962.415841584158	2066	1144	loadnaive-t3_C_rep0_par1008.txt
107	2110.46728971963	1021	1742	767	loadnaive-t3_C_rep0_par1009.txt
109	1966.07339449541	977.56880733945	1494	561	loadnaive-t3_C_rep0_par1010.txt
110	2021.87272727273	1009.85454545455	1539	571	loadnaive-t3_C_rep0_par1011.txt
103	2732.95145631068	1305.7572815534	2267	1026	loadnaive-t3_C_rep0_par1012.txt
101	2735.34653465347	1311.07920792079	2233	997	loadnaive-t3_C_rep0_par1013.txt
113	2645.04424778761	1316.24778761062	1817	586	loadnaive-t3_C_rep0_par1014.txt
104	2435.93269230769	1216.95192307692	1690	500	loadnaive-t3_C_rep0_par1015.txt
107	2079.8785046729	996.093457943925	1897	969	loadnaive-t3_C_rep10_par1008.txt
130	1962.2	958.453846153846	1593	663	loadnaive-t3_C_rep10_par1009.txt
107	1945.14018691589	966.803738317757	1506	582	loadnaive-t3_C_rep10_par1010.txt
103	2067.97087378641	1033.05825242718	1365	341	loadnaive-t3_C_rep10_par1011.txt
116	2686.01724137931	1283.20689655172	2644	1425	loadnaive-t3_C_rep10_par1012.txt
103	2278.64077669903	1116.93203883495	1894	814	loadnaive-t3_C_rep10_par1013.txt
102	2672.95098039216	1333.74509803922	1812	543	loadnaive-t3_C_rep10_par1014.txt
111	2528.13513513514	1263.07207207207	1842	626	loadnaive-t3_C_rep10_par1015.txt
105	2067.07619047619	998.390476190476	1784	839	loadnaive-t3_C_rep11_par1008.txt
109	2037.07339449541	986.422018348624	1509	580	loadnaive-t3_C_rep11_par1009.txt
115	1945.89565217391	970.417391304348	1365	474	loadnaive-t3_C_rep11_par1010.txt
113	2059.27433628319	1028.3982300885	1658	676	loadnaive-t3_C_rep11_par1011.txt
119	2629.27731092437	1265.46218487395	2270	1060	loadnaive-t3_C_rep11_par1012.txt
117	2564.17948717949	1251.52136752137	1983	779	loadnaive-t3_C_rep11_par1013.txt
102	2518.63725490196	1255.13725490196	1934	724	loadnaive-t3_C_rep11_par1014.txt
108	2514.12037037037	1255.94444444444	1814	617	loadnaive-t3_C_rep11_par1015.txt
116	2086.3275862069	995.327586206897	1936	988	loadnaive-t3_C_rep12_par1008.txt
107	2315.51401869159	1101.42990654206	2196	1154	loadnaive-t3_C_rep12_par1009.txt
105	1955.13333333333	974.790476190476	1337	414	loadnaive-t3_C_rep12_par1010.txt
102	1918.29411764706	957.862745098039	1407	502	loadnaive-t3_C_rep12_par1011.txt
106	2453.46226415094	1167.17924528302	2343	1233	loadnaive-t3_C_rep12_par1012.txt
104	2716.03846153846	1344.34615384615	1830	531	loadnaive-t3_C_rep12_par1013.txt
109	2319.51376146789	1153.97247706422	1686	570	loadnaive-t3_C_rep12_par1014.txt
102	2357.22549019608	1177.32352941176	1709	583	loadnaive-t3_C_rep12_par1015.txt
122	2163.48360655738	1036.90163934426	2162	1148	loadnaive-t3_C_rep13_par1008.txt
107	1969.14018691589	975.093457943925	1460	492	loadnaive-t3_C_rep13_par1009.txt
107	1787.28037383178	889.401869158879	1457	598	loadnaive-t3_C_rep13_par1010.txt
111	2068.37837837838	1033.24324324324	1399	399	loadnaive-t3_C_rep13_par1011.txt
104	2615.06730769231	1231.38461538462	2378	1219	loadnaive-t3_C_rep13_par1012.txt
106	2690.03773584906	1330.02830188679	1848	531	loadnaive-t3_C_rep13_par1013.txt
105	2587.99047619048	1288.95238095238	1806	562	loadnaive-t3_C_rep13_par1014.txt
103	2765.5145631068	1381.76699029126	2040	764	loadnaive-t3_C_rep13_par1015.txt
101	2338.17821782178	1135.77227722772	1903	796	loadnaive-t3_C_rep14_par1008.txt
102	2019.8137254902	988.960784313726	1772	835	loadnaive-t3_C_rep14_par1009.txt
103	1912.83495145631	953.961165048544	1439	509	loadnaive-t3_C_rep14_par1010.txt
115	2308.20869565217	1153.13043478261	1652	563	loadnaive-t3_C_rep14_par1011.txt
102	2587.67647058824	1248.22549019608	2199	991	loadnaive-t3_C_rep14_par1012.txt
105	2586.5619047619	1264.67619047619	2091	865	loadnaive-t3_C_rep14_par1013.txt
106	2479.53773584906	1237.16981132075	1646	456	loadnaive-t3_C_rep14_par1014.txt
112	2702.58035714286	1350.04464285714	2117	867	loadnaive-t3_C_rep14_par1015.txt
106	2081.07547169811	954.094339622642	2016	1137	loadnaive-t3_C_rep15_par1008.txt
113	2213.48672566372	1081.98230088496	1699	656	loadnaive-t3_C_rep15_par1009.txt
120	2056.98333333333	1024.375	1628	693	loadnaive-t3_C_rep15_par1010.txt
104	2027.60576923077	1012.71153846154	1531	565	loadnaive-t3_C_rep15_par1011.txt
108	2317.27777777778	1116.25	2234	1207	loadnaive-t3_C_rep15_par1012.txt
111	2624.09009009009	1279.73873873874	2145	912	loadnaive-t3_C_rep15_par1013.txt
101	2594.95049504951	1294.18811881188	1819	554	loadnaive-t3_C_rep15_par1014.txt
107	2631.2523364486	1314.46728971963	1701	427	loadnaive-t3_C_rep15_par1015.txt
117	2115.17094017094	998.384615384615	2271	1319	loadnaive-t3_C_rep16_par1008.txt
102	1877.01960784314	927.264705882353	1487	580	loadnaive-t3_C_rep16_par1009.txt
104	1973.14423076923	983.798076923077	1460	495	loadnaive-t3_C_rep16_par1010.txt
101	1910.88118811881	954.059405940594	1453	578	loadnaive-t3_C_rep16_par1011.txt
129	2645.23255813954	1261.25581395349	2480	1311	loadnaive-t3_C_rep16_par1012.txt
112	2572.875	1255.625	2002	783	loadnaive-t3_C_rep16_par1013.txt
127	2776.88188976378	1385.97637795276	1785	408	loadnaive-t3_C_rep16_par1014.txt
117	2346.15384615385	1172.16239316239	1643	542	loadnaive-t3_C_rep16_par1015.txt
103	2047.08737864078	962.427184466019	2160	1264	loadnaive-t3_C_rep17_par1008.txt
108	2139.77777777778	1055.10185185185	1732	685	loadnaive-t3_C_rep17_par1009.txt
109	2003.75229357798	993.825688073395	1673	760	loadnaive-t3_C_rep17_par1010.txt
111	2008.37837837838	1003.18918918919	1473	529	loadnaive-t3_C_rep17_par1011.txt
107	2670.47663551402	1288.22429906542	2348	1092	loadnaive-t3_C_rep17_par1012.txt
107	2744.55140186916	1329.98130841122	2211	958	loadnaive-t3_C_rep17_par1013.txt
103	2674.33009708738	1335.12621359223	1739	439	loadnaive-t3_C_rep17_par1014.txt
104	2678.82692307692	1338.23076923077	1747	428	loadnaive-t3_C_rep17_par1015.txt
101	2048.32673267327	982.772277227723	1963	1018	loadnaive-t3_C_rep18_par1008.txt
101	2058.60396039604	1014.60396039604	1711	716	loadnaive-t3_C_rep18_par1009.txt
107	1985.91588785047	988.542056074766	1600	689	loadnaive-t3_C_rep18_par1010.txt
111	2049.25225225225	1023.45945945946	1517	535	loadnaive-t3_C_rep18_par1011.txt
101	2559.9900990099	1235.39603960396	2096	932	loadnaive-t3_C_rep18_par1012.txt
101	2667.34653465347	1313.47524752475	2007	733	loadnaive-t3_C_rep18_par1013.txt
105	2634.4	1311.87619047619	1835	566	loadnaive-t3_C_rep18_par1014.txt
102	2587.85294117647	1292.8137254902	1711	461	loadnaive-t3_C_rep18_par1015.txt
113	2193.64601769911	1046.30088495575	2194	1219	loadnaive-t3_C_rep19_par1008.txt
109	2016.4128440367	983.871559633028	1814	872	loadnaive-t3_C_rep19_par1009.txt
114	2219.52631578947	1105.4298245614	1685	617	loadnaive-t3_C_rep19_par1010.txt
102	2410.73529411765	1203.95098039216	1735	619	loadnaive-t3_C_rep19_par1011.txt
104	2702.23076923077	1303.75961538462	2229	964	loadnaive-t3_C_rep19_par1012.txt
103	2516.8640776699	1231.45631067961	1912	704	loadnaive-t3_C_rep19_par1013.txt
107	2652.88785046729	1321.04672897196	1851	627	loadnaive-t3_C_rep19_par1014.txt
101	2525.83168316832	1261.86138613861	1717	488	loadnaive-t3_C_rep19_par1015.txt
104	2005.78846153846	931.701923076923	2235	1365	loadnaive-t3_C_rep1_par1008.txt
113	2245.91150442478	1100.99115044248	1786	716	loadnaive-t3_C_rep1_par1009.txt
108	1939.96296296296	967.657407407407	1414	471	loadnaive-t3_C_rep1_par1010.txt
106	1873.66037735849	935.698113207547	1377	474	loadnaive-t3_C_rep1_par1011.txt
104	2592.38461538462	1232.48076923077	2287	1104	loadnaive-t3_C_rep1_par1012.txt
105	2332.51428571429	1136.89523809524	1951	867	loadnaive-t3_C_rep1_par1013.txt
107	2544.69158878505	1268.44859813084	1803	577	loadnaive-t3_C_rep1_par1014.txt
101	2625.08910891089	1311.55445544554	1754	465	loadnaive-t3_C_rep1_par1015.txt
109	2285.74311926606	1086.70642201835	2091	1041	loadnaive-t3_C_rep2_par1008.txt
105	1899.8380952381	912.533333333333	1764	923	loadnaive-t3_C_rep2_par1009.txt
124	2260.5564516129	1127.29032258065	1702	638	loadnaive-t3_C_rep2_par1010.txt
102	1807.48039215686	902.362745098039	1354	476	loadnaive-t3_C_rep2_par1011.txt
103	2688.01941747573	1267.56310679612	2535	1338	loadnaive-t3_C_rep2_par1012.txt
109	2725.64220183486	1319.92660550459	2114	857	loadnaive-t3_C_rep2_par1013.txt
102	2694.59803921569	1344.6568627451	1810	494	loadnaive-t3_C_rep2_par1014.txt
110	2732.54545454545	1365.00909090909	2203	1142	loadnaive-t3_C_rep2_par1015.txt
105	2293.87619047619	1105.54285714286	2157	1088	loadnaive-t3_C_rep3_par1008.txt
138	2147.18115942029	1040.61594202899	1989	1003	loadnaive-t3_C_rep3_par1009.txt
105	2025.10476190476	1008.09523809524	1563	614	loadnaive-t3_C_rep3_par1010.txt
101	2187.35643564356	1092.61386138614	1467	394	loadnaive-t3_C_rep3_par1011.txt
102	2611.89215686275	1238.1568627451	2492	1305	loadnaive-t3_C_rep3_par1012.txt
101	2583.0297029703	1250.88118811881	2017	818	loadnaive-t3_C_rep3_par1013.txt
103	2650.14563106796	1320.52427184466	1992	795	loadnaive-t3_C_rep3_par1014.txt
106	2783.47169811321	1390.7358490566	1830	493	loadnaive-t3_C_rep3_par1015.txt
101	2101.75247524752	1008.63366336634	1729	778	loadnaive-t3_C_rep4_par1008.txt
105	2043.74285714286	998.752380952381	1791	840	loadnaive-t3_C_rep4_par1009.txt
110	2068.52727272727	1028.70909090909	1567	580	loadnaive-t3_C_rep4_par1010.txt
103	1845.57281553398	921.563106796117	1308	415	loadnaive-t3_C_rep4_par1011.txt
116	2486.56896551724	1205.02586206897	2082	912	loadnaive-t3_C_rep4_par1012.txt
101	2483.63366336634	1223.41584158416	1833	630	loadnaive-t3_C_rep4_par1013.txt
102	2692.69607843137	1344.07843137255	1782	474	loadnaive-t3_C_rep4_par1014.txt
113	2344.53097345133	1171.43362831858	1642	507	loadnaive-t3_C_rep4_par1015.txt
106	2030.16981132076	972.405660377358	1900	984	loadnaive-t3_C_rep5_par1008.txt
108	2126.48148148148	1043.83333333333	1726	729	loadnaive-t3_C_rep5_par1009.txt
110	1882.00909090909	936.754545454546	1400	486	loadnaive-t3_C_rep5_par1010.txt
105	2233.16190476191	1115.79047619048	1574	530	loadnaive-t3_C_rep5_par1011.txt
107	2712.24299065421	1293.23364485981	2525	1343	loadnaive-t3_C_rep5_par1012.txt
114	2626.61403508772	1286.72807017544	2109	849	loadnaive-t3_C_rep5_par1013.txt
106	2555.67924528302	1272.95283018868	1786	570	loadnaive-t3_C_rep5_par1014.txt
115	2654.59130434783	1326.2347826087	1814	550	loadnaive-t3_C_rep5_par1015.txt
126	1855.42063492064	861.36507936508	2041	1213	loadnaive-t3_C_rep6_par1008.txt
102	1959.20588235294	952.990196078431	1527	624	loadnaive-t3_C_rep6_par1009.txt
103	2157.5145631068	1074.26213592233	1515	476	loadnaive-t3_C_rep6_par1010.txt
131	2063.54198473282	1030.63358778626	1614	653	loadnaive-t3_C_rep6_par1011.txt
111	2544.56756756757	1188.84684684685	2246	1123	loadnaive-t3_C_rep6_par1012.txt
160	2478.45625	1085.7125	2016	998	loadnaive-t3_C_rep6_par1013.txt
101	2542.95049504951	1267.90099009901	1856	663	loadnaive-t3_C_rep6_par1014.txt
109	2233.33027522936	1115.65137614679	1572	495	loadnaive-t3_C_rep6_par1015.txt
103	2330.83495145631	1103.66990291262	2126	1084	loadnaive-t3_C_rep7_par1008.txt
104	1894.48076923077	928.375	1523	623	loadnaive-t3_C_rep7_par1009.txt
101	1932.94059405941	964.217821782178	1357	414	loadnaive-t3_C_rep7_par1010.txt
112	1947.52678571429	972.848214285714	1413	468	loadnaive-t3_C_rep7_par1011.txt
107	2729.17757009346	1316.09345794393	2357	1098	loadnaive-t3_C_rep7_par1012.txt
102	2412.14705882353	1175.90196078431	1766	653	loadnaive-t3_C_rep7_par1013.txt
106	2636.08490566038	1313.37735849057	2101	889	loadnaive-t3_C_rep7_par1014.txt
101	2692.05940594059	1344.85148514852	1771	457	loadnaive-t3_C_rep7_par1015.txt
102	2239.60784313726	1074.3431372549	2094	1068	loadnaive-t3_C_rep8_par1008.txt
102	2188.17647058824	1050.89215686275	1936	971	loadnaive-t3_C_rep8_par1009.txt
103	2040.55339805825	1018.36893203884	1371	364	loadnaive-t3_C_rep8_par1010.txt
106	1910.31132075472	953.896226415094	1478	543	loadnaive-t3_C_rep8_par1011.txt
101	2773.51485148515	1335.80198019802	2403	1170	loadnaive-t3_C_rep8_par1012.txt
101	2827.32673267327	1386.80198019802	1952	601	loadnaive-t3_C_rep8_par1013.txt
102	2519.08823529412	1255.38235294118	1687	473	loadnaive-t3_C_rep8_par1014.txt
114	2567.17543859649	1282.44736842105	1803	556	loadnaive-t3_C_rep8_par1015.txt
107	2037.38317757009	953.990654205607	1952	1083	loadnaive-t3_C_rep9_par1008.txt
106	2233.05660377358	1098.33018867925	1879	820	loadnaive-t3_C_rep9_par1009.txt
111	2001.09009009009	996.801801801802	1562	623	loadnaive-t3_C_rep9_par1010.txt
104	1943.96153846154	970.932692307692	1323	370	loadnaive-t3_C_rep9_par1011.txt
110	2559.6	1217.76363636364	2345	1226	loadnaive-t3_C_rep9_par1012.txt
102	2663.23529411765	1279.48039215686	2217	1029	loadnaive-t3_C_rep9_par1013.txt
102	2531.3431372549	1263.12745098039	1667	425	loadnaive-t3_C_rep9_par1014.txt
102	2481.88235294118	1239.64705882353	1713	505	loadnaive-t3_C_rep9_par1015.txt
