0.421180
0.482874
0.467124
0.437765
0.382405
0.429382
0.412825
0.412937
0.443195
0.398415
0.416581
0.412748
0.399503
0.402484
0.320553
0.401977
0.389951
0.382327
0.434841
0.327292
0.428090
0.412109
0.353600
0.377096
0.221171
0.519823
0.433641
0.286245
0.346855
0.382119
0.395875
0.355640
0.328374
0.846615
0.850122
0.797533
0.851617
0.795280
0.857923
0.856382
0.503962
0.659282
0.697772
0.408773
0.676800
0.435811
0.232346
0.428952
0.430831
0.524274
0.326642
0.377574
0.431718
0.436002
0.453789
0.339655
0.410755
0.434960
0.365315
0.420370
0.403724
0.438248
0.407638
0.435096
0.672697
0.541036
0.392958
0.425680
0.711682
0.446899
0.613430
0.359338
0.819448
0.659769
0.362747
0.390338
0.787413
0.881090
0.738766
0.741153
0.648400
0.612724
0.340312
0.787698
0.645641
0.350270
0.674247
0.770903
0.565084
0.629081
0.137879
0.009214
0.878809
0.659554
0.746224
0.704892
0.072791
0.327802
0.892915
0.225080
0.519905
0.646155
0.424197
0.680141
0.433353
0.480739
0.390370
0.735195
0.496972
0.445026
0.579993
0.817631
0.207961
0.062519
0.530577
0.725626
0.370741
0.008368
0.632139
0.382108
0.411166
0.725798
0.459332
0.748607
0.474392
0.046752
0.401032
0.524234
0.488568
0.593598
0.100439
0.697044
0.595097
0.525685
0.604120
0.749238
0.589765
0.577427
0.055635
0.386756
0.746015
0.855215
0.667972
0.730411
0.435470
0.433112
0.738634
0.863161
0.343234
0.676822
0.672508
0.846736
0.416638
0.596672
0.022170
0.639571
0.143977
0.710667
0.009194
0.767669
0.048237
0.433593
0.684458
0.586455
0.447743
0.175315
0.719345
0.744431
0.334508
0.358062
0.529228
0.733953
0.719623
0.719864
0.617657
0.754421
0.204741
0.653924
0.341827
0.553463
0.380637
0.662896
0.520279
0.575308
0.121147
0.668938
0.704811
0.767818
0.373616
0.599486
0.673559
0.380220
0.738929
0.815041
0.772672
0.670895
0.289512
0.750851
0.365873
0.514629
0.472003
0.309150
0.405168
0.525808
0.628977
0.814647
0.627482
0.885013
0.543986
0.016601
0.500918
0.534923
0.379741
0.695301
0.838262
0.271981
0.741216
0.724926
0.364250
0.440019
0.728527
0.809504
0.209934
0.730921
0.344815
0.665229
0.201326
0.416116
0.199426
0.417562
0.618692
0.406044
0.405375
0.737207
0.881913
0.418747
0.299222
0.405302
0.647710
0.894028
0.843377
0.491974
0.716842
0.695467
0.151333
0.710249
0.397517
0.510841
0.861684
0.694589
0.569498
0.228608
0.603044
0.745186
0.761915
0.714256
0.668148
0.505597
0.694865
0.303614
0.692613
0.608156
0.069970
0.066669
0.828503
0.339289
0.818618
0.081785
0.710843
0.204463
0.428259
0.620512
0.520253
0.948960
0.703766
0.438177
0.752804
0.434476
0.694138
0.142640
0.440857
0.599829
0.110611
0.365679
0.452912
0.377797
0.372520
0.838459
0.494363
0.717674
0.086592
0.846053
0.823061
0.692084
0.652805
0.704500
0.689736
0.673795
0.732563
0.748079
0.470700
0.716898
0.087682
0.579784
0.716074
0.809801
0.284204
0.738128
0.873691
0.756226
0.047494
0.891582
0.704383
0.737631
0.547415
0.746467
0.009292
0.298484
0.310748
0.513149
0.431443
0.507013
0.361586
0.724154
0.058156
0.008160
0.861244
0.219053
0.741744
0.041540
0.473155
0.133218
0.786546
0.960402
0.613233
0.433353
0.232585
0.739305
0.309758
0.517773
0.697456
0.646784
0.517368
0.480358
0.163112
0.009436
0.722206
0.190309
0.653895
0.672697
0.592449
0.731204
0.313947
0.742053
0.408553
0.577877
0.405535
0.419362
0.661955
0.685024
0.467575
0.668229
0.757979
0.847881
0.706518
0.140171
0.739423
0.740188
0.650766
0.391733
0.646543
0.708508
0.343119
0.729934
0.749414
0.362509
0.684093
0.675918
0.677463
0.434377
0.665324
0.391106
0.717853
0.645311
0.629613
0.340736
0.362992
0.814984
0.104625
0.371795
0.498970
0.391809
0.847142
0.560925
0.487390
0.009244
0.460913
0.070170
0.835379
0.421534
0.700069
0.750476
0.336582
0.495928
0.382484
0.848556
0.752414
0.870063
0.312998
0.262483
0.893006
0.648813
0.734727
0.745652
0.893540
0.386452
0.405032
0.719248
0.838041
0.749984
0.791112
0.485871
0.453319
0.732361
0.133193
0.397944
0.803069
0.697587
0.560882
0.737627
0.008787
0.743474
0.208806
0.715175
0.367687
0.749875
0.316000
0.726665
0.445494
0.435139
0.853471
0.776289
0.507253
0.738459
0.146434
0.751945
0.386586
0.339844
0.280514
0.661470
0.394395
0.346124
0.569365
0.634224
0.565499
0.647781
0.735517
0.850382
0.351369
0.717752
0.420109
0.416839
0.659789
0.659712
0.428441
0.354861
0.057301
0.849200
0.679378
0.737067
0.663691
0.248678
0.597225
0.768230
0.332985
0.731127
0.351883
0.361004
0.438459
0.775047
0.745643
0.607653
0.574750
0.580600
0.181312
0.474636
0.343119
0.787413
0.433274
0.417221
0.390008
0.491320
0.434851
0.382347
0.358049
0.177485
0.298450
0.222788
0.342189
0.744924
0.439930
0.389654
0.008980
0.041794
0.887958
0.465193
0.373250
0.888349
0.639890
0.792201
0.403434
0.890715
0.851720
0.628245
0.726128
0.888526
0.536771
0.884779
0.020863
0.390779
0.442339
0.489598
0.736966
0.753520
0.606554
0.536392
0.451295
0.826866
0.375585
0.694810
0.671701
