107	4450.81308411215	1818.71028037383	4071	2765	loadnaive-t3_C_rep0_par1000.txt
105	4995.64761904762	2427.8380952381	3838	1866	loadnaive-t3_C_rep0_par1001.txt
105	4694.75238095238	2343.15238095238	2880	600	loadnaive-t3_C_rep0_par1002.txt
101	4575.93069306931	2286.84158415842	2687	429	loadnaive-t3_C_rep0_par1003.txt
107	7565.57943925234	2869.45794392523	8269	6848	loadnaive-t3_C_rep0_par1004.txt
104	7208.72115384615	3232.41346153846	5308	2831	loadnaive-t3_C_rep0_par1005.txt
108	6730.87962962963	3363.63888888889	3793	481	loadnaive-t3_C_rep0_par1006.txt
110	6964.89090909091	3481.30909090909	3985	586	loadnaive-t3_C_rep0_par1007.txt
102	4769.83333333333	1851.48039215686	4882	3696	loadnaive-t3_C_rep10_par1000.txt
102	4711.53921568627	2125.6862745098	3540	1792	loadnaive-t3_C_rep10_par1001.txt
103	4013.23300970874	2004.78640776699	2512	548	loadnaive-t3_C_rep10_par1002.txt
123	4429.87804878049	2213.9837398374	2818	636	loadnaive-t3_C_rep10_par1003.txt
104	7102.07692307692	2727.61538461539	7379	5901	loadnaive-t3_C_rep10_par1004.txt
104	7560.40384615385	3585.29807692308	5050	2131	loadnaive-t3_C_rep10_par1005.txt
111	6547.33333333333	3270.63963963964	3867	624	loadnaive-t3_C_rep10_par1006.txt
105	7147.60952380952	3572.76190476191	4091	567	loadnaive-t3_C_rep10_par1007.txt
104	4506.60576923077	2098.22115384615	3628	1823	loadnaive-t3_C_rep11_par1000.txt
120	4450.38333333333	2187.20833333333	3168	1244	loadnaive-t3_C_rep11_par1001.txt
107	4588.44859813084	2289.05607476636	2848	602	loadnaive-t3_C_rep11_par1002.txt
107	4071.64485981308	2034.80373831776	2540	550	loadnaive-t3_C_rep11_par1003.txt
101	6531.23762376238	2501.9801980198	6460	5000	loadnaive-t3_C_rep11_par1004.txt
103	6774.03883495146	3323.87378640777	4828	2350	loadnaive-t3_C_rep11_par1005.txt
103	6635.05825242718	3312.6213592233	3903	639	loadnaive-t3_C_rep11_par1006.txt
123	7146.23577235772	3572.15447154472	4280	799	loadnaive-t3_C_rep11_par1007.txt
105	4157.66666666667	1844.70476190476	3759	2246	loadnaive-t3_C_rep12_par1000.txt
114	4831.74561403509	2195.10526315789	4441	2964	loadnaive-t3_C_rep12_par1001.txt
104	3879.11538461539	1936.92307692308	2341	427	loadnaive-t3_C_rep12_par1002.txt
104	4548.92307692308	2273.36538461539	2739	508	loadnaive-t3_C_rep12_par1003.txt
112	6948.0625	2590.17857142857	7670	6422	loadnaive-t3_C_rep12_par1004.txt
101	7260.74257425743	3003.05940594059	6332	4754	loadnaive-t3_C_rep12_par1005.txt
110	6483.82727272727	3238.5	3647	445	loadnaive-t3_C_rep12_par1006.txt
112	6768.63392857143	3383.33035714286	4119	897	loadnaive-t3_C_rep12_par1007.txt
114	4711.36842105263	2003.9649122807	4044	2457	loadnaive-t3_C_rep13_par1000.txt
102	4562.56862745098	2241.09803921569	3288	1176	loadnaive-t3_C_rep13_par1001.txt
102	4384.82352941177	2189.36274509804	3266	1726	loadnaive-t3_C_rep13_par1002.txt
101	4316.69306930693	2157.27722772277	2690	580	loadnaive-t3_C_rep13_par1003.txt
109	6536.18348623853	2471.03669724771	6761	5276	loadnaive-t3_C_rep13_par1004.txt
105	7047.10476190476	3217.86666666667	5493	3257	loadnaive-t3_C_rep13_par1005.txt
104	6531.38461538462	3262.89423076923	3893	686	loadnaive-t3_C_rep13_par1006.txt
102	6881.70588235294	3439.89215686275	3940	539	loadnaive-t3_C_rep13_par1007.txt
108	4796.89814814815	2064.52777777778	4459	3025	loadnaive-t3_C_rep14_par1000.txt
101	4352.11881188119	2117.48514851485	3106	1117	loadnaive-t3_C_rep14_par1001.txt
104	4552.71153846154	2273.125	2689	459	loadnaive-t3_C_rep14_par1002.txt
106	4630.11320754717	2313.97169811321	2887	641	loadnaive-t3_C_rep14_par1003.txt
107	6748.40186915888	2607.82242990654	6907	5422	loadnaive-t3_C_rep14_par1004.txt
109	6430.74311926606	2938.45871559633	4900	2589	loadnaive-t3_C_rep14_par1005.txt
106	7387.5	3690.39622641509	4135	492	loadnaive-t3_C_rep14_par1006.txt
103	7438.21359223301	3717.90291262136	4440	848	loadnaive-t3_C_rep14_par1007.txt
106	4667.5	2038.07547169811	3956	2375	loadnaive-t3_C_rep15_par1000.txt
104	5002.50961538462	2428.72115384615	3255	997	loadnaive-t3_C_rep15_par1001.txt
107	4439.09345794393	2216.5046728972	2651	448	loadnaive-t3_C_rep15_par1002.txt
109	4754.71559633028	2376.37614678899	2945	628	loadnaive-t3_C_rep15_par1003.txt
103	6998.47572815534	2409.84466019417	7351	5979	loadnaive-t3_C_rep15_par1004.txt
111	6883.27927927928	3227.8018018018	5065	2474	loadnaive-t3_C_rep15_par1005.txt
102	6972.57843137255	3476.62745098039	4153	789	loadnaive-t3_C_rep15_par1006.txt
105	6834.66666666667	3416.31428571429	3764	362	loadnaive-t3_C_rep15_par1007.txt
104	4204.10576923077	1909.70192307692	3806	2415	loadnaive-t3_C_rep16_par1000.txt
112	3959.95535714286	1936.82142857143	3078	1272	loadnaive-t3_C_rep16_par1001.txt
105	4563.4	2279.68571428571	2861	622	loadnaive-t3_C_rep16_par1002.txt
101	4149.57425742574	2073.62376237624	2571	548	loadnaive-t3_C_rep16_par1003.txt
103	6929.91262135922	2535.06796116505	6912	5594	loadnaive-t3_C_rep16_par1004.txt
102	7572.87254901961	3024.17647058824	6931	5283	loadnaive-t3_C_rep16_par1005.txt
101	6455.26732673267	3222.21782178218	3731	604	loadnaive-t3_C_rep16_par1006.txt
105	6830.77142857143	3414.10476190476	4101	826	loadnaive-t3_C_rep16_par1007.txt
105	4210.2380952381	1827.99047619048	3382	1951	loadnaive-t3_C_rep17_par1000.txt
103	3929.61165048544	1879.87378640777	3181	1625	loadnaive-t3_C_rep17_par1001.txt
103	4776.38834951456	2383.60194174757	2958	673	loadnaive-t3_C_rep17_par1002.txt
101	4743.09900990099	2370.44554455446	3784	2174	loadnaive-t3_C_rep17_par1003.txt
102	7333.69607843137	2732.38235294118	8669	7502	loadnaive-t3_C_rep17_par1004.txt
105	6602.30476190476	3181.79047619048	4356	1480	loadnaive-t3_C_rep17_par1005.txt
104	6568.31730769231	3279.22115384615	3854	617	loadnaive-t3_C_rep17_par1006.txt
108	7403.18518518519	3700.63888888889	4120	461	loadnaive-t3_C_rep17_par1007.txt
101	4879.9801980198	2209.79207920792	4468	3073	loadnaive-t3_C_rep18_par1000.txt
101	4444.42574257426	2203.82178217822	2770	599	loadnaive-t3_C_rep18_par1001.txt
106	4762.61320754717	2378.58490566038	2818	501	loadnaive-t3_C_rep18_par1002.txt
109	3848.43119266055	1923.08256880734	2422	574	loadnaive-t3_C_rep18_par1003.txt
106	7261.83962264151	2598.33962264151	8006	6802	loadnaive-t3_C_rep18_par1004.txt
101	6994.08910891089	2989.28712871287	6093	4007	loadnaive-t3_C_rep18_par1005.txt
107	6719.4953271028	3245.91588785047	5572	3652	loadnaive-t3_C_rep18_par1006.txt
113	6753.06194690266	3375.26548672566	3842	505	loadnaive-t3_C_rep18_par1007.txt
112	4860.08035714286	2017.64285714286	4890	3802	loadnaive-t3_C_rep19_par1000.txt
101	4405.92079207921	2091.93069306931	3206	1316	loadnaive-t3_C_rep19_par1001.txt
111	4161.26126126126	2077.53153153153	2724	725	loadnaive-t3_C_rep19_par1002.txt
116	4725.73275862069	2361.79310344828	2931	629	loadnaive-t3_C_rep19_par1003.txt
101	6945.41584158416	2743.73267326733	7057	5707	loadnaive-t3_C_rep19_par1004.txt
118	7066.08474576271	2978.95762711864	5827	3825	loadnaive-t3_C_rep19_par1005.txt
119	6998.31932773109	3495.9243697479	3924	454	loadnaive-t3_C_rep19_par1006.txt
116	6808.31896551724	3403.0775862069	4074	740	loadnaive-t3_C_rep19_par1007.txt
112	5201.4375	2204.17857142857	4462	2787	loadnaive-t3_C_rep1_par1000.txt
105	4220.55238095238	2048.47619047619	2938	1052	loadnaive-t3_C_rep1_par1001.txt
122	3821.11475409836	1905.49180327869	2416	577	loadnaive-t3_C_rep1_par1002.txt
101	4161.15841584158	2079.54455445545	2572	584	loadnaive-t3_C_rep1_par1003.txt
102	7329.13725490196	3119.77450980392	6920	5213	loadnaive-t3_C_rep1_par1004.txt
107	7148.60747663551	3275.23364485981	5289	2748	loadnaive-t3_C_rep1_par1005.txt
108	7177.2962962963	3586.98148148148	4060	507	loadnaive-t3_C_rep1_par1006.txt
101	7303.0297029703	3650.42574257426	5336	2824	loadnaive-t3_C_rep1_par1007.txt
110	4186.02727272727	1704.25454545455	4233	3023	loadnaive-t3_C_rep2_par1000.txt
104	4886.98076923077	2300.84615384615	3740	1770	loadnaive-t3_C_rep2_par1001.txt
101	4593.16831683168	2291.54455445545	2954	818	loadnaive-t3_C_rep2_par1002.txt
112	4773.53571428572	2385.80357142857	2873	527	loadnaive-t3_C_rep2_par1003.txt
117	7099.8547008547	2371.06837606838	7831	6606	loadnaive-t3_C_rep2_par1004.txt
127	6885.03937007874	2965.11811023622	6144	4388	loadnaive-t3_C_rep2_par1005.txt
102	6975.28431372549	3444.86274509804	4396	1347	loadnaive-t3_C_rep2_par1006.txt
106	7002.07547169811	3499.89622641509	3964	504	loadnaive-t3_C_rep2_par1007.txt
107	4523.64485981308	2013.60747663551	4233	2704	loadnaive-t3_C_rep3_par1000.txt
102	4540.23529411765	2192.04901960784	3211	1282	loadnaive-t3_C_rep3_par1001.txt
107	4003.32710280374	1999.77570093458	2357	371	loadnaive-t3_C_rep3_par1002.txt
105	4299.57142857143	2148.86666666667	2487	368	loadnaive-t3_C_rep3_par1003.txt
105	7268.56190476191	2803.87619047619	7168	5653	loadnaive-t3_C_rep3_par1004.txt
115	7043.13043478261	2985.12173913044	6224	4397	loadnaive-t3_C_rep3_par1005.txt
117	7134.92307692308	3565.21367521368	3992	455	loadnaive-t3_C_rep3_par1006.txt
104	6899.72115384615	3448.59615384615	3923	507	loadnaive-t3_C_rep3_par1007.txt
108	4797.51851851852	2034.77777777778	4281	2779	loadnaive-t3_C_rep4_par1000.txt
103	4556.15533980583	2256.68932038835	2899	697	loadnaive-t3_C_rep4_par1001.txt
115	3752.29565217391	1873.59130434783	2369	529	loadnaive-t3_C_rep4_par1002.txt
106	4656.08490566038	2327.05660377358	2841	563	loadnaive-t3_C_rep4_par1003.txt
113	6804.33628318584	2597.30973451327	6998	5442	loadnaive-t3_C_rep4_par1004.txt
103	6932.55339805825	3118.32038834951	5504	3294	loadnaive-t3_C_rep4_par1005.txt
102	6528.23529411765	3261.76470588235	3680	462	loadnaive-t3_C_rep4_par1006.txt
101	6808.75247524753	3403.23762376238	3899	532	loadnaive-t3_C_rep4_par1007.txt
107	3821.33644859813	1776.33644859813	3404	1794	loadnaive-t3_C_rep5_par1000.txt
104	4310.53846153846	2049.65384615385	3245	1502	loadnaive-t3_C_rep5_par1001.txt
106	4037.68867924528	2014.62264150943	2580	625	loadnaive-t3_C_rep5_par1002.txt
109	3797.05504587156	1897.33027522936	2475	646	loadnaive-t3_C_rep5_par1003.txt
107	7546.10280373832	2699.02803738318	7995	6658	loadnaive-t3_C_rep5_par1004.txt
115	6750.79130434783	3268.9652173913	4526	1711	loadnaive-t3_C_rep5_par1005.txt
108	6983.34259259259	3488.26851851852	4010	646	loadnaive-t3_C_rep5_par1006.txt
125	7074.24	3535.888	4152	684	loadnaive-t3_C_rep5_par1007.txt
128	4766.34375	2323.5234375	3658	1874	loadnaive-t3_C_rep6_par1000.txt
109	3873.60550458716	1886.1376146789	2792	1071	loadnaive-t3_C_rep6_par1001.txt
103	4162.7572815534	2079.69902912621	2629	610	loadnaive-t3_C_rep6_par1002.txt
108	4625.40740740741	2311.63888888889	3787	2425	loadnaive-t3_C_rep6_par1003.txt
101	7450.11881188119	2636.34653465347	8215	6928	loadnaive-t3_C_rep6_par1004.txt
103	7311.00970873786	3253.32038834951	5184	2639	loadnaive-t3_C_rep6_par1005.txt
101	6808.22772277228	3335.09900990099	4800	2322	loadnaive-t3_C_rep6_par1006.txt
108	6551.12037037037	3274.38888888889	3726	480	loadnaive-t3_C_rep6_par1007.txt
118	4008.23728813559	1864.90677966102	3869	2350	loadnaive-t3_C_rep7_par1000.txt
116	4486.16379310345	2197.56034482759	3131	1018	loadnaive-t3_C_rep7_par1001.txt
103	4991.88349514563	2489.72815533981	3005	596	loadnaive-t3_C_rep7_par1002.txt
106	4158.16981132075	2078.09433962264	2532	488	loadnaive-t3_C_rep7_par1003.txt
117	7435.65811965812	2580.10256410256	8178	6975	loadnaive-t3_C_rep7_par1004.txt
113	6384.3982300885	3090.96460176991	4819	2574	loadnaive-t3_C_rep7_par1005.txt
110	6776.1	3384.71818181818	3880	536	loadnaive-t3_C_rep7_par1006.txt
106	6843.21698113208	3420.50943396226	3867	478	loadnaive-t3_C_rep7_par1007.txt
101	4726.56435643564	2165.46534653465	3965	2445	loadnaive-t3_C_rep8_par1000.txt
104	4102.17307692308	1880.58653846154	3154	1594	loadnaive-t3_C_rep8_par1001.txt
113	4045.60176991151	2021.09734513274	2450	454	loadnaive-t3_C_rep8_par1002.txt
101	4110.41584158416	2054.31683168317	2528	520	loadnaive-t3_C_rep8_par1003.txt
110	7296.54545454546	2617.77272727273	7118	5674	loadnaive-t3_C_rep8_par1004.txt
106	6634.04716981132	3043.27358490566	5499	3456	loadnaive-t3_C_rep8_par1005.txt
108	6997.06481481482	3496.25	3915	453	loadnaive-t3_C_rep8_par1006.txt
110	7149.5	3573.54545454545	3973	422	loadnaive-t3_C_rep8_par1007.txt
105	4533.99047619048	1871.75238095238	4361	2977	loadnaive-t3_C_rep9_par1000.txt
119	4481.48739495798	2188.73109243698	3415	1857	loadnaive-t3_C_rep9_par1001.txt
103	4244.30097087379	2113.45631067961	2555	508	loadnaive-t3_C_rep9_par1002.txt
114	4585.06140350877	2291.54385964912	2749	544	loadnaive-t3_C_rep9_par1003.txt
108	7643.81481481482	2725.83333333333	8266	6830	loadnaive-t3_C_rep9_par1004.txt
102	6604.83333333333	3124.82352941177	4357	1659	loadnaive-t3_C_rep9_par1005.txt
107	6698.71028037383	3347.22429906542	3834	534	loadnaive-t3_C_rep9_par1006.txt
108	6982.91666666667	3490.55555555556	3913	457	loadnaive-t3_C_rep9_par1007.txt
