164	4393.36585365854	1275.64634146341	10194	9880	loadnaive-t3_A_rep0_par1000.txt
153	4975.90196078431	1590.18300653595	8496	7991	loadnaive-t3_A_rep0_par1001.txt
149	4566.44295302013	1363.1610738255	8461	8059	loadnaive-t3_A_rep0_par1002.txt
131	4538.0534351145	1579.08396946565	8019	7449	loadnaive-t3_A_rep0_par1003.txt
160	7586	2005.825	16040	15593	loadnaive-t3_A_rep0_par1004.txt
120	7145.85	2065.53333333333	12769	12269	loadnaive-t3_A_rep0_par1005.txt
191	6764.67015706806	2038.3664921466	12877	12378	loadnaive-t3_A_rep0_par1006.txt
138	6781.38405797101	1966.5652173913	11166	10618	loadnaive-t3_A_rep0_par1007.txt
114	4712.9298245614	1363.37719298246	9929	9439	loadnaive-t3_A_rep10_par1000.txt
134	4540.5223880597	1469.01492537313	8453	7831	loadnaive-t3_A_rep10_par1001.txt
181	3984.11602209945	1412.67403314917	7445	6832	loadnaive-t3_A_rep10_par1002.txt
174	4394.79885057471	1499.09770114943	7244	6582	loadnaive-t3_A_rep10_par1003.txt
215	6925.68837209302	1871.01860465116	14768	14455	loadnaive-t3_A_rep10_par1004.txt
118	7539.14406779661	2168.97457627119	13898	13380	loadnaive-t3_A_rep10_par1005.txt
145	6568.68965517241	1926.43448275862	11348	10960	loadnaive-t3_A_rep10_par1006.txt
126	7169.19841269841	2029.63492063492	12070	11581	loadnaive-t3_A_rep10_par1007.txt
149	4481.36241610738	1391.91275167785	9414	8958	loadnaive-t3_A_rep11_par1000.txt
126	4503.45238095238	1491.50793650794	8689	8091	loadnaive-t3_A_rep11_par1001.txt
160	4537.45	1609.58125	8152	7491	loadnaive-t3_A_rep11_par1002.txt
116	3982.89655172414	1384.12068965517	6080	5481	loadnaive-t3_A_rep11_par1003.txt
162	6547.83950617284	1873.5987654321	13574	13086	loadnaive-t3_A_rep11_par1004.txt
113	6599.54867256637	1868.83185840708	12181	11652	loadnaive-t3_A_rep11_par1005.txt
148	6579.06756756757	1999.29054054054	10896	10413	loadnaive-t3_A_rep11_par1006.txt
168	6988.50595238095	1926.02380952381	13096	12781	loadnaive-t3_A_rep11_par1007.txt
130	4136.10769230769	1256.31538461538	9183	8790	loadnaive-t3_A_rep12_par1000.txt
144	4872.83333333333	1552.625	8614	8089	loadnaive-t3_A_rep12_par1001.txt
156	3879.27564102564	1307.96794871795	7711	7195	loadnaive-t3_A_rep12_par1002.txt
149	4564.87919463087	1552.47651006711	7793	7174	loadnaive-t3_A_rep12_par1003.txt
178	6847.16292134832	1942.73595505618	14559	14096	loadnaive-t3_A_rep12_par1004.txt
135	7142.3037037037	1995.97777777778	13746	13302	loadnaive-t3_A_rep12_par1005.txt
139	6350.51079136691	1868.67625899281	11416	10852	loadnaive-t3_A_rep12_par1006.txt
171	6655.61403508772	1981.09941520468	11113	10602	loadnaive-t3_A_rep12_par1007.txt
120	4590.075	1438.025	8912	8374	loadnaive-t3_A_rep13_par1000.txt
159	4561.93081761006	1385.1572327044	8605	8161	loadnaive-t3_A_rep13_par1001.txt
168	4362.49404761905	1524.48214285714	7040	6397	loadnaive-t3_A_rep13_par1002.txt
164	4355.54268292683	1367.71341463415	8481	8089	loadnaive-t3_A_rep13_par1003.txt
183	6513.1693989071	1878.24590163934	13875	13393	loadnaive-t3_A_rep13_par1004.txt
162	6959.19135802469	1938.05555555556	12643	12162	loadnaive-t3_A_rep13_par1005.txt
132	6555.64393939394	1843.92424242424	11961	11510	loadnaive-t3_A_rep13_par1006.txt
159	6900.81132075472	1925.66666666667	12598	12171	loadnaive-t3_A_rep13_par1007.txt
166	4751.3734939759	1367.57228915663	10755	10343	loadnaive-t3_A_rep14_par1000.txt
120	4373.075	1349.475	8704	8339	loadnaive-t3_A_rep14_par1001.txt
142	4483.61971830986	1419.6338028169	8088	7606	loadnaive-t3_A_rep14_par1002.txt
136	4565.38970588235	1500.44852941176	8120	7596	loadnaive-t3_A_rep14_par1003.txt
146	6664.17808219178	1854.05479452055	13949	13466	loadnaive-t3_A_rep14_par1004.txt
138	6464.42028985507	1908.5	11447	10966	loadnaive-t3_A_rep14_par1005.txt
127	7271.16535433071	2100.37007874016	12080	11585	loadnaive-t3_A_rep14_par1006.txt
169	7359.57396449704	2256.84615384615	12271	11647	loadnaive-t3_A_rep14_par1007.txt
158	4726.44936708861	1353.92405063291	10217	9837	loadnaive-t3_A_rep15_par1000.txt
161	4926.53416149068	1530.54037267081	9061	8473	loadnaive-t3_A_rep15_par1001.txt
180	4389.02777777778	1512.3	7904	7295	loadnaive-t3_A_rep15_par1002.txt
150	4749.76	1520.92666666667	8421	7948	loadnaive-t3_A_rep15_par1003.txt
176	6853.61931818182	1884.73295454545	14494	14030	loadnaive-t3_A_rep15_par1004.txt
137	6910.4598540146	2034.29927007299	12577	12045	loadnaive-t3_A_rep15_par1005.txt
182	6875.41208791209	2090.85164835165	11523	10896	loadnaive-t3_A_rep15_par1006.txt
131	6635.62595419847	1919.47328244275	11673	11247	loadnaive-t3_A_rep15_par1007.txt
175	4187.76571428572	1294.22857142857	9612	9195	loadnaive-t3_A_rep16_par1000.txt
130	3886.92307692308	1163.55384615385	8268	7880	loadnaive-t3_A_rep16_par1001.txt
167	4559.34730538922	1464.89820359281	8069	7606	loadnaive-t3_A_rep16_par1002.txt
183	4117.71584699454	1231.34972677596	7398	6925	loadnaive-t3_A_rep16_par1003.txt
157	6936.90445859873	1916.88535031847	14444	13977	loadnaive-t3_A_rep16_par1004.txt
132	7462.47727272727	2026.40151515152	13979	13528	loadnaive-t3_A_rep16_par1005.txt
134	6351.16417910448	1944.72388059701	10902	10343	loadnaive-t3_A_rep16_par1006.txt
108	6758.13888888889	1997.90740740741	11394	10797	loadnaive-t3_A_rep16_par1007.txt
163	4118.06134969325	1382.14110429448	9162	8665	loadnaive-t3_A_rep17_par1000.txt
180	3929.63333333333	1300.05555555556	7818	7290	loadnaive-t3_A_rep17_par1001.txt
159	4725.58490566038	1765.28301886792	7766	7086	loadnaive-t3_A_rep17_par1002.txt
156	4647.65384615385	1417.37820512821	9010	8602	loadnaive-t3_A_rep17_par1003.txt
160	7276.1	1938.525	15130	14693	loadnaive-t3_A_rep17_par1004.txt
172	6605.45930232558	1998.3023255814	11366	10801	loadnaive-t3_A_rep17_par1005.txt
145	6520.95862068966	1931.82068965517	11451	10888	loadnaive-t3_A_rep17_par1006.txt
107	7373.66355140187	2155.8691588785	11427	10764	loadnaive-t3_A_rep17_par1007.txt
160	4869.38125	1455.35625	10609	10055	loadnaive-t3_A_rep18_par1000.txt
117	4396.33333333333	1340.88888888889	8124	7655	loadnaive-t3_A_rep18_par1001.txt
168	4695.56547619048	1511.29166666667	8362	7781	loadnaive-t3_A_rep18_par1002.txt
176	3888.48295454545	1312.03977272727	8022	7565	loadnaive-t3_A_rep18_par1003.txt
168	7119.64880952381	1941.07142857143	14539	14096	loadnaive-t3_A_rep18_par1004.txt
143	6841.9020979021	1955.34965034965	13059	12581	loadnaive-t3_A_rep18_par1005.txt
126	6712.90476190476	2035.37301587302	12052	11423	loadnaive-t3_A_rep18_par1006.txt
154	6757.02597402597	2088.29220779221	11107	10556	loadnaive-t3_A_rep18_par1007.txt
154	4845.93506493507	1471.42857142857	10514	10023	loadnaive-t3_A_rep19_par1000.txt
146	4331.20547945205	1348.26712328767	8157	7717	loadnaive-t3_A_rep19_par1001.txt
204	4097.04411764706	1315.74019607843	7922	7391	loadnaive-t3_A_rep19_par1002.txt
151	4626.53642384106	1426.5761589404	8786	8251	loadnaive-t3_A_rep19_par1003.txt
117	6876.94017094017	1870.52136752137	14152	13700	loadnaive-t3_A_rep19_par1004.txt
119	6973.86554621849	2043.74789915966	12014	11451	loadnaive-t3_A_rep19_par1005.txt
112	6871.59821428572	1972.05357142857	12164	11701	loadnaive-t3_A_rep19_par1006.txt
145	6784.09655172414	2049.03448275862	12117	11635	loadnaive-t3_A_rep19_par1007.txt
148	5124.93918918919	1472.20945945946	11789	11293	loadnaive-t3_A_rep1_par1000.txt
148	4167.06081081081	1362.47297297297	8795	8400	loadnaive-t3_A_rep1_par1001.txt
160	3892.2	1375.0375	6899	6197	loadnaive-t3_A_rep1_par1002.txt
152	4061.58552631579	1313.21710526316	7800	7302	loadnaive-t3_A_rep1_par1003.txt
130	7240.28461538462	2035.62307692308	14468	14012	loadnaive-t3_A_rep1_par1004.txt
142	7114.52112676056	2115.66197183099	12107	11520	loadnaive-t3_A_rep1_par1005.txt
163	7135.41717791411	2129.50920245399	11482	10880	loadnaive-t3_A_rep1_par1006.txt
113	7147.1592920354	2033.29203539823	13272	12782	loadnaive-t3_A_rep1_par1007.txt
135	4242.37037037037	1210.18518518519	9495	9110	loadnaive-t3_A_rep2_par1000.txt
129	4882.54263565892	1569.45736434109	8593	8103	loadnaive-t3_A_rep2_par1001.txt
157	4488.77707006369	1432.36305732484	8893	8390	loadnaive-t3_A_rep2_par1002.txt
198	4728.9898989899	1666.0404040404	8663	8006	loadnaive-t3_A_rep2_par1003.txt
150	7035.98666666667	1979.00666666667	14267	13784	loadnaive-t3_A_rep2_par1004.txt
170	6806.8	1936.14705882353	12521	11956	loadnaive-t3_A_rep2_par1005.txt
169	6939.72189349112	2149.7573964497	11932	11318	loadnaive-t3_A_rep2_par1006.txt
113	6968.04424778761	2158.38053097345	10756	10095	loadnaive-t3_A_rep2_par1007.txt
148	4477.06081081081	1311	9402	8973	loadnaive-t3_A_rep3_par1000.txt
179	4452.53072625698	1502.5251396648	9404	8793	loadnaive-t3_A_rep3_par1001.txt
151	4075.25165562914	1374.54304635762	7420	6853	loadnaive-t3_A_rep3_par1002.txt
187	4227.87165775401	1438.76470588235	8071	7507	loadnaive-t3_A_rep3_par1003.txt
135	7152.27407407407	2048.75555555556	13004	12462	loadnaive-t3_A_rep3_par1004.txt
159	6920.50943396226	1967.86163522013	12499	11966	loadnaive-t3_A_rep3_par1005.txt
159	7013.77987421384	2183.28301886792	11950	11377	loadnaive-t3_A_rep3_par1006.txt
121	6815.88429752066	2080.80165289256	11358	10759	loadnaive-t3_A_rep3_par1007.txt
135	4789.21481481481	1456.77037037037	10318	9688	loadnaive-t3_A_rep4_par1000.txt
117	4501.36752136752	1517.98290598291	7341	6710	loadnaive-t3_A_rep4_par1001.txt
163	3749.22085889571	1254.8036809816	7505	7061	loadnaive-t3_A_rep4_par1002.txt
126	4516.16666666667	1517.5	7674	7124	loadnaive-t3_A_rep4_par1003.txt
140	6846.30714285714	1900.30714285714	14523	14073	loadnaive-t3_A_rep4_par1004.txt
139	6880.57553956835	2046.30935251799	12766	12194	loadnaive-t3_A_rep4_par1005.txt
148	6525.93243243243	2069.2972972973	11343	10801	loadnaive-t3_A_rep4_par1006.txt
114	6724.83333333333	1953.55263157895	11634	11141	loadnaive-t3_A_rep4_par1007.txt
157	3819.07006369427	1173.61146496815	8559	8034	loadnaive-t3_A_rep5_par1000.txt
146	4265.64383561644	1305.66438356164	8200	7854	loadnaive-t3_A_rep5_par1001.txt
187	3977.54545454545	1363.01604278075	7807	7300	loadnaive-t3_A_rep5_par1002.txt
169	3845.75147928994	1458.8875739645	6805	6079	loadnaive-t3_A_rep5_par1003.txt
143	7571.27972027972	2041.58041958042	15767	15360	loadnaive-t3_A_rep5_par1004.txt
128	6749.859375	2108.59375	11777	11238	loadnaive-t3_A_rep5_par1005.txt
144	6887.54861111111	2101.48611111111	11185	10595	loadnaive-t3_A_rep5_par1006.txt
207	6953.67632850242	2064.26086956522	12292	11759	loadnaive-t3_A_rep5_par1007.txt
124	4761.97580645161	1438.85483870968	9883	9438	loadnaive-t3_A_rep6_par1000.txt
150	3803.25333333333	1274.68666666667	7445	6814	loadnaive-t3_A_rep6_par1001.txt
155	4162.74193548387	1548.49032258065	7335	6751	loadnaive-t3_A_rep6_par1002.txt
122	4404.63114754098	1539.41803278689	7629	7133	loadnaive-t3_A_rep6_par1003.txt
122	7442.15573770492	2084.55737704918	14867	14356	loadnaive-t3_A_rep6_par1004.txt
152	7256.80263157895	2020.65789473684	12989	12579	loadnaive-t3_A_rep6_par1005.txt
150	6691.84	2019.86	11789	11299	loadnaive-t3_A_rep6_par1006.txt
171	6496.11111111111	2029.05263157895	11135	10556	loadnaive-t3_A_rep6_par1007.txt
121	3953.19834710744	1258.00826446281	8430	7871	loadnaive-t3_A_rep7_par1000.txt
113	4391.08849557522	1343.46017699115	8707	8241	loadnaive-t3_A_rep7_par1001.txt
157	4898.98089171975	1673.03184713376	7853	7195	loadnaive-t3_A_rep7_par1002.txt
145	4061.24827586207	1373.6	7651	7095	loadnaive-t3_A_rep7_par1003.txt
148	7293.73648648649	2075.08783783784	15781	15286	loadnaive-t3_A_rep7_par1004.txt
138	6465.16666666667	1928.13768115942	11373	10846	loadnaive-t3_A_rep7_par1005.txt
184	6738.85326086957	2062.96195652174	11592	10965	loadnaive-t3_A_rep7_par1006.txt
138	6717.78985507246	1972.24637681159	10372	9741	loadnaive-t3_A_rep7_par1007.txt
165	4670.21212121212	1468.84242424242	10294	9777	loadnaive-t3_A_rep8_par1000.txt
148	4146.57432432432	1270.08783783784	8067	7594	loadnaive-t3_A_rep8_par1001.txt
137	3963.59124087591	1329.12408759124	6961	6458	loadnaive-t3_A_rep8_par1002.txt
128	4061.2578125	1422.8203125	7389	6904	loadnaive-t3_A_rep8_par1003.txt
172	7230.34302325581	1980.17441860465	14840	14366	loadnaive-t3_A_rep8_par1004.txt
118	6662.81355932203	1972.01694915254	11898	11361	loadnaive-t3_A_rep8_par1005.txt
155	7099.89677419355	2104.8064516129	12823	12320	loadnaive-t3_A_rep8_par1006.txt
99	7014.41414141414	2147.68686868687	11575	11027	loadnaive-t3_A_rep8_par1007.txt
147	4537.25850340136	1368.44897959184	9697	9120	loadnaive-t3_A_rep9_par1000.txt
127	4424.88188976378	1283.27559055118	8829	8497	loadnaive-t3_A_rep9_par1001.txt
132	4280.62121212121	1376.95454545455	8004	7678	loadnaive-t3_A_rep9_par1002.txt
163	4442.1472392638	1499.25153374233	7125	6469	loadnaive-t3_A_rep9_par1003.txt
128	7537.171875	2096.546875	14273	13765	loadnaive-t3_A_rep9_par1004.txt
141	6568.98581560284	2023.56737588653	11891	11295	loadnaive-t3_A_rep9_par1005.txt
128	6706.46875	2065.34375	10616	10019	loadnaive-t3_A_rep9_par1006.txt
159	6884.89308176101	1883.30817610063	12829	12411	loadnaive-t3_A_rep9_par1007.txt
