200	4329.225	1132.39	18838	18618	loadnaive-t3_Z_rep0_par1000.txt
200	4965.77	1400.625	19716	19340	loadnaive-t3_Z_rep0_par1001.txt
200	4533.125	1206.215	18928	18693	loadnaive-t3_Z_rep0_par1002.txt
200	4498.265	1151.405	20080	19795	loadnaive-t3_Z_rep0_par1003.txt
200	7546.905	1923.045	24874	24537	loadnaive-t3_Z_rep0_par1004.txt
200	7060.34	1731.36	25602	25380	loadnaive-t3_Z_rep0_par1005.txt
200	6742.49	1681.45	24240	24026	loadnaive-t3_Z_rep0_par1006.txt
200	6758.34	1665.71	24680	24450	loadnaive-t3_Z_rep0_par1007.txt
200	4620.72	1359.565	19863	19479	loadnaive-t3_Z_rep10_par1000.txt
200	4539.095	1290.905	19700	19233	loadnaive-t3_Z_rep10_par1001.txt
200	3834.535	1031.175	18309	18068	loadnaive-t3_Z_rep10_par1002.txt
200	4329.62	1145.17	19356	19065	loadnaive-t3_Z_rep10_par1003.txt
200	6745.48	1618.155	24305	24099	loadnaive-t3_Z_rep10_par1004.txt
200	7504.37	1919.53	25786	25415	loadnaive-t3_Z_rep10_par1005.txt
200	6469.795	1655.035	24037	23795	loadnaive-t3_Z_rep10_par1006.txt
200	6987.685	1682.475	25718	25518	loadnaive-t3_Z_rep10_par1007.txt
200	4394.77	1182.005	20505	20258	loadnaive-t3_Z_rep11_par1000.txt
200	4348.485	1173.525	19675	19423	loadnaive-t3_Z_rep11_par1001.txt
200	4493.85	1228.45	19947	19610	loadnaive-t3_Z_rep11_par1002.txt
200	3962.285	1099.855	19033	18774	loadnaive-t3_Z_rep11_par1003.txt
200	6478.045	1667.575	23539	23216	loadnaive-t3_Z_rep11_par1004.txt
200	6442.025	1690.175	23351	23031	loadnaive-t3_Z_rep11_par1005.txt
200	6478.27	1596.925	24518	24374	loadnaive-t3_Z_rep11_par1006.txt
200	6882.505	1690.955	24731	24500	loadnaive-t3_Z_rep11_par1007.txt
200	4096.535	1040.39	19707	19461	loadnaive-t3_Z_rep12_par1000.txt
200	4795.35	1236.96	21209	20964	loadnaive-t3_Z_rep12_par1001.txt
200	3753.47	1077.935	17696	17393	loadnaive-t3_Z_rep12_par1002.txt
200	4422.845	1212.66	19408	19138	loadnaive-t3_Z_rep12_par1003.txt
200	6738.635	1697.45	24447	24194	loadnaive-t3_Z_rep12_par1004.txt
200	7038.495	1798.45	25073	24789	loadnaive-t3_Z_rep12_par1005.txt
200	6343.24	1567.175	24095	23881	loadnaive-t3_Z_rep12_par1006.txt
200	6578.79	1673.555	24523	24273	loadnaive-t3_Z_rep12_par1007.txt
200	4507.065	1247.935	19541	19187	loadnaive-t3_Z_rep13_par1000.txt
200	4455.655	1149.585	20512	20249	loadnaive-t3_Z_rep13_par1001.txt
200	4320.025	1056.075	20624	20460	loadnaive-t3_Z_rep13_par1002.txt
200	4341.68	1069.245	20848	20657	loadnaive-t3_Z_rep13_par1003.txt
200	6391.665	1648.07	23934	23564	loadnaive-t3_Z_rep13_par1004.txt
200	6890.01	1691.54	25083	24814	loadnaive-t3_Z_rep13_par1005.txt
200	6555.85	1664.405	24480	24216	loadnaive-t3_Z_rep13_par1006.txt
200	6828.985	1634.37	24961	24787	loadnaive-t3_Z_rep13_par1007.txt
200	4770.785	1383.715	19718	19224	loadnaive-t3_Z_rep14_par1000.txt
200	4316.2	1104.23	20360	20188	loadnaive-t3_Z_rep14_par1001.txt
200	4457.515	1217.965	19245	18999	loadnaive-t3_Z_rep14_par1002.txt
200	4556.93	1166.91	20621	20443	loadnaive-t3_Z_rep14_par1003.txt
200	6582.55	1644	24490	24227	loadnaive-t3_Z_rep14_par1004.txt
200	6405.295	1594.265	24470	24229	loadnaive-t3_Z_rep14_par1005.txt
200	7087.48	1790.145	25202	24888	loadnaive-t3_Z_rep14_par1006.txt
200	7286.215	1863.69	24887	24582	loadnaive-t3_Z_rep14_par1007.txt
200	4627.635	1193.925	20015	19806	loadnaive-t3_Z_rep15_par1000.txt
200	4927.325	1328.38	20268	19956	loadnaive-t3_Z_rep15_par1001.txt
200	4439.385	1247.955	19267	18980	loadnaive-t3_Z_rep15_par1002.txt
200	4720.695	1326.9	19373	18979	loadnaive-t3_Z_rep15_par1003.txt
200	6738.77	1752.46	24055	23694	loadnaive-t3_Z_rep15_par1004.txt
200	6844.61	1663.725	24478	24224	loadnaive-t3_Z_rep15_par1005.txt
200	6828.06	1754.155	24338	24119	loadnaive-t3_Z_rep15_par1006.txt
200	6692.315	1634.555	24071	23886	loadnaive-t3_Z_rep15_par1007.txt
200	4036.59	1076.95	18648	18359	loadnaive-t3_Z_rep16_par1000.txt
200	3758.82	1018.2	18238	17939	loadnaive-t3_Z_rep16_par1001.txt
200	4449.39	1196.25	19174	18887	loadnaive-t3_Z_rep16_par1002.txt
200	4056.205	1155.7	18292	17919	loadnaive-t3_Z_rep16_par1003.txt
200	6781.5	1712.16	24363	24079	loadnaive-t3_Z_rep16_par1004.txt
200	7382.53	1891.525	25526	25208	loadnaive-t3_Z_rep16_par1005.txt
200	6395.9	1617.27	23740	23458	loadnaive-t3_Z_rep16_par1006.txt
200	6606.135	1668.375	24187	23886	loadnaive-t3_Z_rep16_par1007.txt
200	4100.9	1094.35	18856	18567	loadnaive-t3_Z_rep17_par1000.txt
200	3901.485	1074.66	19151	18919	loadnaive-t3_Z_rep17_par1001.txt
200	4692.395	1286.6	19481	19175	loadnaive-t3_Z_rep17_par1002.txt
200	4469.51	1174.195	19519	19231	loadnaive-t3_Z_rep17_par1003.txt
200	7092.52	1822.38	24524	24154	loadnaive-t3_Z_rep17_par1004.txt
200	6580.54	1665.635	23772	23506	loadnaive-t3_Z_rep17_par1005.txt
200	6417.11	1604.635	24499	24239	loadnaive-t3_Z_rep17_par1006.txt
200	7337.22	1799.4	26303	26120	loadnaive-t3_Z_rep17_par1007.txt
200	4740	1298.43	19627	19204	loadnaive-t3_Z_rep18_par1000.txt
200	4330.93	1115.66	19470	19289	loadnaive-t3_Z_rep18_par1001.txt
200	4711.035	1319.31	20173	19795	loadnaive-t3_Z_rep18_par1002.txt
200	3848.465	999.28	18860	18562	loadnaive-t3_Z_rep18_par1003.txt
200	6983.305	1820.675	24162	23770	loadnaive-t3_Z_rep18_par1004.txt
200	6802.095	1784.395	23686	23295	loadnaive-t3_Z_rep18_par1005.txt
200	6654.165	1648.12	24371	24096	loadnaive-t3_Z_rep18_par1006.txt
200	6688.195	1682.27	24182	23915	loadnaive-t3_Z_rep18_par1007.txt
200	4807.145	1290.05	20477	20136	loadnaive-t3_Z_rep19_par1000.txt
200	4322.52	1102.745	19023	18858	loadnaive-t3_Z_rep19_par1001.txt
200	4085.515	1191.915	18208	17903	loadnaive-t3_Z_rep19_par1002.txt
200	4532.115	1272.655	19225	18863	loadnaive-t3_Z_rep19_par1003.txt
200	6690.035	1709.12	24547	24192	loadnaive-t3_Z_rep19_par1004.txt
200	6818.68	1686.23	24798	24557	loadnaive-t3_Z_rep19_par1005.txt
200	6822.35	1650.72	25421	25206	loadnaive-t3_Z_rep19_par1006.txt
200	6725.3	1688.145	23937	23722	loadnaive-t3_Z_rep19_par1007.txt
200	5001.4	1435.815	19994	19631	loadnaive-t3_Z_rep1_par1000.txt
200	4092.15	1013.885	19692	19542	loadnaive-t3_Z_rep1_par1001.txt
200	3877.105	1047.625	18388	18171	loadnaive-t3_Z_rep1_par1002.txt
200	4036.255	1072.725	19272	18998	loadnaive-t3_Z_rep1_par1003.txt
200	7154.735	1834.535	25759	25470	loadnaive-t3_Z_rep1_par1004.txt
200	7069.055	1753.665	25853	25603	loadnaive-t3_Z_rep1_par1005.txt
200	7039.59	1737.41	25179	24957	loadnaive-t3_Z_rep1_par1006.txt
200	7019.085	1692.735	26317	26139	loadnaive-t3_Z_rep1_par1007.txt
200	4183.875	1147.79	19559	19173	loadnaive-t3_Z_rep2_par1000.txt
200	4864.165	1336.44	20639	20298	loadnaive-t3_Z_rep2_par1001.txt
200	4323.69	1197.23	19055	18789	loadnaive-t3_Z_rep2_par1002.txt
200	4750.045	1348.07	19805	19421	loadnaive-t3_Z_rep2_par1003.txt
200	7020.11	1748.64	24825	24565	loadnaive-t3_Z_rep2_par1004.txt
200	6727.155	1679.045	24584	24306	loadnaive-t3_Z_rep2_par1005.txt
200	6867.43	1729.945	25100	24838	loadnaive-t3_Z_rep2_par1006.txt
200	7015.875	1729.555	24568	24319	loadnaive-t3_Z_rep2_par1007.txt
200	4396.685	1245.92	19473	19195	loadnaive-t3_Z_rep3_par1000.txt
200	4372.935	1232.325	18914	18481	loadnaive-t3_Z_rep3_par1001.txt
200	4023.055	1055.15	18249	17992	loadnaive-t3_Z_rep3_par1002.txt
200	4148.225	1201.27	18220	17964	loadnaive-t3_Z_rep3_par1003.txt
200	7021.91	1807.855	24340	24049	loadnaive-t3_Z_rep3_par1004.txt
200	6669.14	1743.205	23409	23039	loadnaive-t3_Z_rep3_par1005.txt
200	7034.33	1739.825	25439	25210	loadnaive-t3_Z_rep3_par1006.txt
200	6772.625	1675.385	24091	23784	loadnaive-t3_Z_rep3_par1007.txt
200	4747.315	1264.2	20499	20194	loadnaive-t3_Z_rep4_par1000.txt
200	4486.785	1165.055	20885	20708	loadnaive-t3_Z_rep4_par1001.txt
200	3678.95	945.76	19013	18777	loadnaive-t3_Z_rep4_par1002.txt
200	4442.44	1298.565	19135	18794	loadnaive-t3_Z_rep4_par1003.txt
200	6715.405	1721.675	25036	24720	loadnaive-t3_Z_rep4_par1004.txt
200	6775.805	1721.58	23779	23449	loadnaive-t3_Z_rep4_par1005.txt
200	6372.615	1572.585	23739	23600	loadnaive-t3_Z_rep4_par1006.txt
200	6600.115	1636.425	23976	23744	loadnaive-t3_Z_rep4_par1007.txt
200	3876.945	1031.8	18704	18405	loadnaive-t3_Z_rep5_par1000.txt
200	4134.555	1042.765	20337	20071	loadnaive-t3_Z_rep5_par1001.txt
200	3932.615	1038.74	19620	19346	loadnaive-t3_Z_rep5_par1002.txt
200	3851.08	956.73	19004	18833	loadnaive-t3_Z_rep5_par1003.txt
200	7389.395	1943.31	25338	25021	loadnaive-t3_Z_rep5_par1004.txt
200	6647.175	1678.735	24753	24498	loadnaive-t3_Z_rep5_par1005.txt
200	6820.87	1730.645	24291	24041	loadnaive-t3_Z_rep5_par1006.txt
200	6866.465	1686.335	24901	24680	loadnaive-t3_Z_rep5_par1007.txt
200	4695.605	1243.135	20397	20123	loadnaive-t3_Z_rep6_par1000.txt
200	3794.955	1015.355	18828	18508	loadnaive-t3_Z_rep6_par1001.txt
200	4044.235	1012.66	19059	18900	loadnaive-t3_Z_rep6_par1002.txt
200	4357.675	1080.955	19091	18901	loadnaive-t3_Z_rep6_par1003.txt
200	7391.195	1931.725	24720	24433	loadnaive-t3_Z_rep6_par1004.txt
200	7191.65	1771.955	25487	25252	loadnaive-t3_Z_rep6_par1005.txt
200	6609.835	1682.775	23998	23750	loadnaive-t3_Z_rep6_par1006.txt
200	6446.84	1668.27	24037	23811	loadnaive-t3_Z_rep6_par1007.txt
200	3912.65	1038.52	18981	18708	loadnaive-t3_Z_rep7_par1000.txt
200	4329.755	1166.9	19755	19463	loadnaive-t3_Z_rep7_par1001.txt
200	4848.8	1275.445	19913	19721	loadnaive-t3_Z_rep7_par1002.txt
200	3993.295	1076.39	19055	18744	loadnaive-t3_Z_rep7_par1003.txt
200	7298.39	1896.96	24329	23952	loadnaive-t3_Z_rep7_par1004.txt
200	6371.63	1582.06	24071	23825	loadnaive-t3_Z_rep7_par1005.txt
200	6713.9	1654.585	25212	24937	loadnaive-t3_Z_rep7_par1006.txt
200	6637.25	1669.435	24895	24672	loadnaive-t3_Z_rep7_par1007.txt
200	4613.42	1284.75	18810	18529	loadnaive-t3_Z_rep8_par1000.txt
200	4129.59	1014.35	19995	19791	loadnaive-t3_Z_rep8_par1001.txt
200	3867.67	1079.225	18277	17985	loadnaive-t3_Z_rep8_par1002.txt
200	4016.255	1035.05	19220	19060	loadnaive-t3_Z_rep8_par1003.txt
200	7073.82	1810.305	25809	25549	loadnaive-t3_Z_rep8_par1004.txt
200	6633.3	1645.23	24514	24298	loadnaive-t3_Z_rep8_par1005.txt
200	7011.915	1747.58	24740	24477	loadnaive-t3_Z_rep8_par1006.txt
200	6990.285	1764.34	25221	24964	loadnaive-t3_Z_rep8_par1007.txt
200	4555.145	1235.47	20123	19804	loadnaive-t3_Z_rep9_par1000.txt
200	4289.235	1116.27	19851	19637	loadnaive-t3_Z_rep9_par1001.txt
200	4264.17	1099.015	19137	19001	loadnaive-t3_Z_rep9_par1002.txt
200	4447.025	1261.4	19118	18697	loadnaive-t3_Z_rep9_par1003.txt
200	7407.29	1874.57	25946	25660	loadnaive-t3_Z_rep9_par1004.txt
200	6541.94	1663.36	23865	23570	loadnaive-t3_Z_rep9_par1005.txt
200	6629.77	1640.72	24523	24351	loadnaive-t3_Z_rep9_par1006.txt
200	6802.995	1713.925	24590	24311	loadnaive-t3_Z_rep9_par1007.txt
