178	4396.41573033708	1271.58988764045	10069	9739	loadnaive-t3_B_rep0_par1000.txt
93	5009.35483870968	1902.08602150538	7176	6557	loadnaive-t3_B_rep0_par1001.txt
66	4541.78787878788	2041.21212121212	6111	5525	loadnaive-t3_B_rep0_par1002.txt
119	4570.52100840336	2238.95798319328	5681	4945	loadnaive-t3_B_rep0_par1003.txt
185	7573.7945945946	2034.9027027027	15713	15210	loadnaive-t3_B_rep0_par1004.txt
81	7153.65432098766	2700.23456790123	10618	10016	loadnaive-t3_B_rep0_par1005.txt
59	6722.74576271187	3035.22033898305	9254	8558	loadnaive-t3_B_rep0_par1006.txt
57	6764.08771929825	3211.68421052632	9367	8736	loadnaive-t3_B_rep0_par1007.txt
147	4712.08163265306	1398.97278911565	10202	9690	loadnaive-t3_B_rep10_par1000.txt
98	4566.75510204082	1665.21428571429	7930	7278	loadnaive-t3_B_rep10_par1001.txt
105	4004.09523809524	1916.39047619048	5422	4670	loadnaive-t3_B_rep10_par1002.txt
109	4414.23853211009	2169.33944954128	5517	4721	loadnaive-t3_B_rep10_par1003.txt
161	6925.06211180124	1866.39130434783	14435	14114	loadnaive-t3_B_rep10_par1004.txt
19	7534.84210526316	2575.21052631579	9971	9247	loadnaive-t3_B_rep10_par1005.txt
40	6576.325	2500.425	9905	9425	loadnaive-t3_B_rep10_par1006.txt
49	7143.48979591837	3371.24489795918	9207	8479	loadnaive-t3_B_rep10_par1007.txt
145	4470.47586206897	1462	8995	8491	loadnaive-t3_B_rep11_par1000.txt
113	4483.79646017699	1687.93805309735	6917	6227	loadnaive-t3_B_rep11_par1001.txt
133	4562.18796992481	2209.65413533835	6139	5388	loadnaive-t3_B_rep11_par1002.txt
119	3979.72268907563	1964.40336134454	4750	4007	loadnaive-t3_B_rep11_par1003.txt
167	6549.84431137725	1850.64071856287	13487	12973	loadnaive-t3_B_rep11_par1004.txt
52	6594.01923076923	2182.05769230769	9930	9313	loadnaive-t3_B_rep11_par1005.txt
82	6562.17073170732	2981.30487804878	9197	8647	loadnaive-t3_B_rep11_par1006.txt
85	6978.25882352941	3347.56470588235	10608	10212	loadnaive-t3_B_rep11_par1007.txt
156	4132.71153846154	1273.28205128205	9260	8837	loadnaive-t3_B_rep12_par1000.txt
62	4876	1700.98387096774	7589	7056	loadnaive-t3_B_rep12_par1001.txt
97	3871.13402061856	1831.62886597938	5483	4850	loadnaive-t3_B_rep12_par1002.txt
96	4569.63541666667	2216.32291666667	5892	5177	loadnaive-t3_B_rep12_par1003.txt
175	6860.69714285714	1921.45142857143	13878	13389	loadnaive-t3_B_rep12_par1004.txt
56	7157.5	2373.98214285714	11915	11404	loadnaive-t3_B_rep12_par1005.txt
70	6322.85714285714	2945.72857142857	9424	8797	loadnaive-t3_B_rep12_par1006.txt
102	6624.01960784314	3160.50980392157	8622	7933	loadnaive-t3_B_rep12_par1007.txt
147	4627.7074829932	1462.53741496599	9103	8622	loadnaive-t3_B_rep13_par1000.txt
130	4561.87692307692	1639.56153846154	7749	7273	loadnaive-t3_B_rep13_par1001.txt
102	4347.35294117647	2077.10784313726	5181	4331	loadnaive-t3_B_rep13_par1002.txt
84	4363.42857142857	2112.4880952381	6104	5631	loadnaive-t3_B_rep13_par1003.txt
124	6518.21774193548	1921.53225806452	13087	12597	loadnaive-t3_B_rep13_par1004.txt
58	6963.27586206897	2347.15517241379	10397	9816	loadnaive-t3_B_rep13_par1005.txt
46	6504.84782608696	2670	9642	9070	loadnaive-t3_B_rep13_par1006.txt
64	6886.828125	3211.78125	10306	9802	loadnaive-t3_B_rep13_par1007.txt
156	4787.37820512821	1335.88461538462	10955	10543	loadnaive-t3_B_rep14_par1000.txt
92	4371.02173913044	1512.04347826087	7543	7098	loadnaive-t3_B_rep14_par1001.txt
103	4458.81553398058	2110.10679611651	5943	5361	loadnaive-t3_B_rep14_par1002.txt
94	4608.87234042553	2181.65957446809	6530	5940	loadnaive-t3_B_rep14_par1003.txt
114	6670.48245614035	1866.06140350877	13228	12701	loadnaive-t3_B_rep14_par1004.txt
100	6464.07	2383.82	10384	9855	loadnaive-t3_B_rep14_par1005.txt
61	7266.47540983607	3033.55737704918	10805	10227	loadnaive-t3_B_rep14_par1006.txt
62	7368.62903225807	3469.61290322581	9221	8392	loadnaive-t3_B_rep14_par1007.txt
172	4713.46511627907	1364.13372093023	10058	9652	loadnaive-t3_B_rep15_par1000.txt
78	4910.91025641026	1810.05128205128	7632	7003	loadnaive-t3_B_rep15_par1001.txt
101	4359.07920792079	2033.07920792079	6109	5416	loadnaive-t3_B_rep15_par1002.txt
73	4731.80821917808	2228.12328767123	6623	5994	loadnaive-t3_B_rep15_par1003.txt
174	6857.47701149425	1909.67816091954	14029	13553	loadnaive-t3_B_rep15_par1004.txt
33	6890.15151515152	2270.90909090909	10330	9689	loadnaive-t3_B_rep15_par1005.txt
66	6886.74242424242	3002.5303030303	9796	9049	loadnaive-t3_B_rep15_par1006.txt
85	6606.35294117647	3132.27058823529	9412	8851	loadnaive-t3_B_rep15_par1007.txt
165	4207.07878787879	1356.26060606061	9064	8605	loadnaive-t3_B_rep16_par1000.txt
85	3890.22352941176	1477.85882352941	7320	6893	loadnaive-t3_B_rep16_par1001.txt
111	4552.76576576577	2107.77477477478	6692	6134	loadnaive-t3_B_rep16_par1002.txt
104	4132.82692307692	1975.54807692308	5793	5280	loadnaive-t3_B_rep16_par1003.txt
133	6956.04511278196	2002.92481203008	14036	13487	loadnaive-t3_B_rep16_par1004.txt
27	7462.59259259259	2263.62962962963	11519	11027	loadnaive-t3_B_rep16_par1005.txt
45	6300.35555555556	2748	9250	8615	loadnaive-t3_B_rep16_par1006.txt
79	6791.07594936709	3220.22784810127	9196	8444	loadnaive-t3_B_rep16_par1007.txt
155	4158.09032258065	1399.4	8722	8191	loadnaive-t3_B_rep17_par1000.txt
132	3930.82575757576	1517.20454545455	6551	5984	loadnaive-t3_B_rep17_par1001.txt
116	4748.66379310345	2258.86206896552	6491	5753	loadnaive-t3_B_rep17_par1002.txt
117	4614.51282051282	2245.98290598291	6434	5839	loadnaive-t3_B_rep17_par1003.txt
104	7258.57692307692	1999.99038461538	13399	12882	loadnaive-t3_B_rep17_par1004.txt
69	6597.31884057971	2285.88405797101	10209	9588	loadnaive-t3_B_rep17_par1005.txt
78	6491.21794871795	2946.78205128205	9794	9152	loadnaive-t3_B_rep17_par1006.txt
55	7345.69090909091	3080.87272727273	8903	7979	loadnaive-t3_B_rep17_par1007.txt
161	4873.6149068323	1488.17391304348	10270	9695	loadnaive-t3_B_rep18_par1000.txt
77	4403.55844155844	1563.32467532468	6931	6417	loadnaive-t3_B_rep18_par1001.txt
120	4682.18333333333	2134.34166666667	6571	5921	loadnaive-t3_B_rep18_par1002.txt
72	3895.88888888889	1858.52777777778	5242	4595	loadnaive-t3_B_rep18_par1003.txt
168	7106.08333333333	1949.3869047619	14493	14019	loadnaive-t3_B_rep18_par1004.txt
50	6862.84	2066.38	11450	10903	loadnaive-t3_B_rep18_par1005.txt
76	6691.75	3090.69736842105	9132	8378	loadnaive-t3_B_rep18_par1006.txt
101	6684.24752475248	3231.22772277228	9696	9067	loadnaive-t3_B_rep18_par1007.txt
137	4845.3795620438	1476.99270072993	10065	9564	loadnaive-t3_B_rep19_par1000.txt
127	4324.67716535433	1636.57480314961	7884	7426	loadnaive-t3_B_rep19_par1001.txt
67	4097.10447761194	1949.89552238806	5716	5030	loadnaive-t3_B_rep19_par1002.txt
85	4624.09411764706	2230.63529411765	6700	6083	loadnaive-t3_B_rep19_par1003.txt
171	6866.51461988304	1969.71929824561	14632	14178	loadnaive-t3_B_rep19_par1004.txt
109	6959	2389.01834862385	11750	11157	loadnaive-t3_B_rep19_par1005.txt
33	6825.69696969697	2705.81818181818	9707	9108	loadnaive-t3_B_rep19_par1006.txt
50	6743.44	3140.4	8964	8284	loadnaive-t3_B_rep19_par1007.txt
149	5147.69127516779	1574.91275167785	11292	10777	loadnaive-t3_B_rep1_par1000.txt
92	4160.64130434783	1647.60869565217	7009	6470	loadnaive-t3_B_rep1_par1001.txt
99	3869.16161616162	1840.32323232323	5326	4566	loadnaive-t3_B_rep1_par1002.txt
108	4037.63888888889	1893.90740740741	5364	4785	loadnaive-t3_B_rep1_par1003.txt
140	7251.48571428572	1969.63571428571	14587	14121	loadnaive-t3_B_rep1_par1004.txt
63	7089.28571428571	2407.90476190476	10430	9784	loadnaive-t3_B_rep1_par1005.txt
21	7121.04761904762	2984.09523809524	8580	7877	loadnaive-t3_B_rep1_par1006.txt
51	7179.86274509804	3396.8431372549	9462	8725	loadnaive-t3_B_rep1_par1007.txt
134	4248.4552238806	1283.52985074627	9324	8949	loadnaive-t3_B_rep2_par1000.txt
65	4868.47692307692	1816.41538461538	6980	6376	loadnaive-t3_B_rep2_par1001.txt
112	4450.75892857143	2133.42857142857	6006	5352	loadnaive-t3_B_rep2_par1002.txt
96	4700.67708333333	2248.80208333333	5874	5016	loadnaive-t3_B_rep2_par1003.txt
131	7056.91603053435	2016.19847328244	13410	12899	loadnaive-t3_B_rep2_par1004.txt
75	6805.21333333333	2277.53333333333	10884	10307	loadnaive-t3_B_rep2_par1005.txt
42	6882.26190476191	3223.71428571429	8862	8034	loadnaive-t3_B_rep2_par1006.txt
55	6959.34545454546	3219.09090909091	9222	8445	loadnaive-t3_B_rep2_par1007.txt
169	4468.76923076923	1299.3550295858	9719	9300	loadnaive-t3_B_rep3_par1000.txt
94	4460.94680851064	1734.52127659574	7026	6306	loadnaive-t3_B_rep3_par1001.txt
91	4068.86813186813	1830.94505494505	5774	5160	loadnaive-t3_B_rep3_par1002.txt
54	4246.35185185185	2035.98148148148	5833	5168	loadnaive-t3_B_rep3_par1003.txt
190	7176.09473684211	2103.88947368421	13170	12630	loadnaive-t3_B_rep3_par1004.txt
55	6937.4	2205.05454545455	11527	10944	loadnaive-t3_B_rep3_par1005.txt
59	7041.42372881356	3077.74576271186	9527	8816	loadnaive-t3_B_rep3_par1006.txt
59	6743.40677966102	3072.61016949153	9267	8532	loadnaive-t3_B_rep3_par1007.txt
124	4789.82258064516	1461.12903225806	9937	9313	loadnaive-t3_B_rep4_par1000.txt
69	4543.65217391304	1777.05797101449	6226	5513	loadnaive-t3_B_rep4_par1001.txt
91	3748.75824175824	1763.68131868132	5465	4792	loadnaive-t3_B_rep4_par1002.txt
50	4543.66	2159.02	5865	5230	loadnaive-t3_B_rep4_par1003.txt
116	6827.83620689655	1924.29310344828	13148	12694	loadnaive-t3_B_rep4_par1004.txt
58	6889.55172413793	2261.06896551724	11116	10462	loadnaive-t3_B_rep4_par1005.txt
110	6468.06363636364	3092.05454545455	7891	6984	loadnaive-t3_B_rep4_par1006.txt
92	6731.91304347826	3295.44565217391	8734	8042	loadnaive-t3_B_rep4_par1007.txt
171	3808.14619883041	1209.23976608187	8956	8438	loadnaive-t3_B_rep5_par1000.txt
104	4238.52884615385	1578.48076923077	7213	6820	loadnaive-t3_B_rep5_par1001.txt
118	3953.91525423729	1877.27966101695	5486	4834	loadnaive-t3_B_rep5_par1002.txt
92	3821.38043478261	1855.88043478261	4861	3964	loadnaive-t3_B_rep5_par1003.txt
159	7558.4213836478	2037.72955974843	15245	14847	loadnaive-t3_B_rep5_par1004.txt
76	6732.46052631579	2374.07894736842	10680	10048	loadnaive-t3_B_rep5_par1005.txt
73	6800.95890410959	3107.17808219178	8710	7925	loadnaive-t3_B_rep5_par1006.txt
68	6955.79411764706	3282.67647058824	10300	9665	loadnaive-t3_B_rep5_par1007.txt
122	4771.22950819672	1449.17213114754	9668	9149	loadnaive-t3_B_rep6_par1000.txt
82	3810.98780487805	1551.35365853659	6318	5644	loadnaive-t3_B_rep6_par1001.txt
99	4149.82828282828	1991.32323232323	5418	4740	loadnaive-t3_B_rep6_par1002.txt
97	4389.81443298969	2171.0412371134	4915	4106	loadnaive-t3_B_rep6_par1003.txt
213	7428.29107981221	2091.00938967136	15732	15243	loadnaive-t3_B_rep6_par1004.txt
52	7251.15384615385	2103.48076923077	11958	11511	loadnaive-t3_B_rep6_par1005.txt
91	6710.27472527473	3001.78021978022	10621	10104	loadnaive-t3_B_rep6_par1006.txt
37	6506.27027027027	2692.40540540541	8457	7650	loadnaive-t3_B_rep6_par1007.txt
130	3961.59230769231	1313.94615384615	8376	7818	loadnaive-t3_B_rep7_par1000.txt
69	4370.42028985507	1593.26086956522	7023	6493	loadnaive-t3_B_rep7_par1001.txt
116	4906.77586206897	2314.80172413793	6199	5468	loadnaive-t3_B_rep7_par1002.txt
49	4097.67346938776	2007.51020408163	4902	4191	loadnaive-t3_B_rep7_par1003.txt
176	7284.32386363636	2037.75568181818	15289	14787	loadnaive-t3_B_rep7_par1004.txt
70	6417.37142857143	2252.7	10048	9524	loadnaive-t3_B_rep7_par1005.txt
74	6670.05405405405	3024.75675675676	9578	8886	loadnaive-t3_B_rep7_par1006.txt
39	6727.71794871795	3235.61538461539	8455	7711	loadnaive-t3_B_rep7_par1007.txt
167	4679.61676646707	1484.22155688623	9844	9238	loadnaive-t3_B_rep8_par1000.txt
56	4135.73214285714	1476.375	6735	6195	loadnaive-t3_B_rep8_par1001.txt
109	3982.30275229358	1888.04587155963	5439	4787	loadnaive-t3_B_rep8_par1002.txt
106	4021.78301886792	1992.7358490566	4594	3792	loadnaive-t3_B_rep8_par1003.txt
193	7206.86010362694	1954.48186528497	14981	14537	loadnaive-t3_B_rep8_par1004.txt
59	6680.33898305085	2317.32203389831	9339	8678	loadnaive-t3_B_rep8_par1005.txt
57	7048.21052631579	3048.0701754386	10394	9753	loadnaive-t3_B_rep8_par1006.txt
62	6962.27419354839	3390.67741935484	8127	7221	loadnaive-t3_B_rep8_par1007.txt
147	4531.17006802721	1399.10884353742	9405	8807	loadnaive-t3_B_rep9_par1000.txt
88	4433.46590909091	1598.29545454545	7719	7328	loadnaive-t3_B_rep9_par1001.txt
97	4251.96907216495	2054.62886597938	5492	4871	loadnaive-t3_B_rep9_par1002.txt
122	4434.47540983607	2144.45901639344	5697	4969	loadnaive-t3_B_rep9_par1003.txt
96	7531.04166666667	2106.85416666667	14110	13606	loadnaive-t3_B_rep9_par1004.txt
70	6564.74285714286	2195.35714285714	10037	9313	loadnaive-t3_B_rep9_par1005.txt
76	6695.52631578947	3020.75	8786	8090	loadnaive-t3_B_rep9_par1006.txt
53	6900.90566037736	3062.8679245283	10380	9862	loadnaive-t3_B_rep9_par1007.txt
